**************************************************
*            H E D A C   s e a r c h             *
**************************************************
Started on: 2024-11-19 17:22:26.710451

Parameters:
         method: hedac
          x_min:      0.000
          x_max:    456.000
             dx:      1.000
          y_min:      0.000
          y_max:    478.000
             dy:      1.000

          alpha:      1.000
           beta:      0.500
          gamma:      0.100
          kappa:      0.000
             nu:      0.001
        sigma_m:      1.000
        sigma_c:      2.000
       sigma_ac:      0.100
         source:          difsource

         agents:         40
                  163.000,    381.000
                   72.000,    228.000
                   54.000,    197.000
                  215.000,    443.000
                  211.000,    302.000
                   53.000,    222.000
                   73.000,    155.000
                  229.000,     18.000
                  215.000,    452.000
                   59.000,     90.000
                  120.000,    246.000
                  145.000,    258.000
                  127.000,    275.000
                   46.000,    222.000
                  191.000,    196.000
                  265.000,    227.000
                   66.000,     78.000
                  433.000,    156.000
                  125.000,    132.000
                  238.000,    455.000
                  261.000,    248.000
                  176.000,     34.000
                   55.000,    157.000
                  442.000,    163.000
                  423.000,    147.000
                  187.000,    300.000
                  249.000,    307.000
                  225.000,    251.000
                  264.000,    464.000
                  304.000,     40.000
                  269.000,    252.000
                  126.000,     53.000
                  182.000,    189.000
                  155.000,     47.000
                  348.000,    117.000
                  196.000,    220.000
                  183.000,     25.000
                  100.000,     52.000
                  266.000,    294.000
                  181.000,     25.000
