**************************************************
*            H E D A C   s e a r c h             *
**************************************************
Started on: 2024-11-19 14:00:44.473816

Parameters:
         method: hedac
          x_min:      0.000
          x_max:    193.000
             dx:      1.000
          y_min:      0.000
          y_max:    226.000
             dy:      1.000

          alpha:      1.000
           beta:      0.500
          gamma:      0.100
          kappa:      0.000
             nu:      0.001
        sigma_m:      1.000
        sigma_c:      2.000
       sigma_ac:      0.100
         source:          difsource

         agents:         40
                  190.000,     72.000
                  151.000,    112.000
                   69.000,    129.000
                  116.000,    196.000
                   91.000,     81.000
                  158.000,    122.000
                   23.000,    202.000
                   44.000,    200.000
                   91.000,     90.000
                   35.000,    193.000
                   95.000,     94.000
                   98.000,     64.000
                   87.000,    180.000
                   62.000,    214.000
                   49.000,    192.000
                  108.000,     94.000
                  147.000,    105.000
                  112.000,    163.000
                   79.000,     81.000
                   36.000,    200.000
                   46.000,    211.000
                  113.000,    131.000
                  147.000,    158.000
                  133.000,    196.000
                   61.000,    167.000
                   64.000,    217.000
                  172.000,     99.000
                   58.000,    170.000
                   81.000,    138.000
                  145.000,     60.000
                   24.000,    193.000
                   55.000,    162.000
                   73.000,    110.000
                   59.000,    215.000
                   67.000,    171.000
                  109.000,     93.000
                   75.000,    116.000
                   69.000,    136.000
                  122.000,    195.000
                  133.000,    195.000
