           t           E1           E2           E3           E4
0.000000e+00 2.589868e-02 6.707416e-04 2.503388e+03 1.423706e+02
1.000000e+00 2.514080e-02 6.320597e-04 2.503178e+03 1.151137e+02
2.000000e+00 2.423995e-02 5.875752e-04 2.503920e+03 9.385013e+01
3.000000e+00 2.325350e-02 5.407251e-04 2.506190e+03 8.419355e+01
4.000000e+00 2.221541e-02 4.935243e-04 2.509223e+03 7.753152e+01
5.000000e+00 2.115585e-02 4.475699e-04 2.512822e+03 7.204854e+01
6.000000e+00 2.010921e-02 4.043803e-04 2.517709e+03 6.813759e+01
7.000000e+00 1.910221e-02 3.648946e-04 2.524520e+03 6.197620e+01
8.000000e+00 1.815383e-02 3.295615e-04 2.533496e+03 5.525968e+01
9.000000e+00 1.726940e-02 2.982323e-04 2.544714e+03 4.919021e+01
1.000000e+01 1.644911e-02 2.705733e-04 2.557880e+03 4.480213e+01
1.100000e+01 1.569217e-02 2.462441e-04 2.572709e+03 4.112184e+01
1.200000e+01 1.500223e-02 2.250669e-04 2.588996e+03 3.793448e+01
1.300000e+01 1.439001e-02 2.070723e-04 2.606367e+03 3.484805e+01
1.400000e+01 1.384629e-02 1.917198e-04 2.624431e+03 3.206795e+01
1.500000e+01 1.336024e-02 1.784959e-04 2.642511e+03 2.963501e+01
1.600000e+01 1.292252e-02 1.669915e-04 2.660620e+03 2.837150e+01
1.700000e+01 1.252618e-02 1.569051e-04 2.678969e+03 2.952251e+01
1.800000e+01 1.216668e-02 1.480281e-04 2.697616e+03 3.197061e+01
1.900000e+01 1.184116e-02 1.402130e-04 2.716772e+03 3.309651e+01
2.000000e+01 1.155020e-02 1.334071e-04 2.736282e+03 3.295803e+01
2.100000e+01 1.128687e-02 1.273935e-04 2.756279e+03 3.276849e+01
2.200000e+01 1.103895e-02 1.218584e-04 2.776691e+03 3.190475e+01
2.300000e+01 1.079834e-02 1.166041e-04 2.797214e+03 3.048900e+01
2.400000e+01 1.056078e-02 1.115301e-04 2.817682e+03 2.891668e+01
2.500000e+01 1.032782e-02 1.066640e-04 2.838072e+03 2.737737e+01
2.600000e+01 1.010599e-02 1.021310e-04 2.858642e+03 2.637649e+01
2.700000e+01 9.902469e-03 9.805889e-05 2.879987e+03 2.643372e+01
2.800000e+01 9.720373e-03 9.448566e-05 2.902767e+03 2.738577e+01
2.900000e+01 9.555186e-03 9.130157e-05 2.926838e+03 2.844509e+01
3.000000e+01 9.400916e-03 8.837721e-05 2.948671e+03 2.925570e+01
3.100000e+01 9.253158e-03 8.562093e-05 2.966795e+03 3.018474e+01
3.200000e+01 9.108694e-03 8.296831e-05 2.982340e+03 3.142196e+01
3.300000e+01 8.965848e-03 8.038643e-05 2.996229e+03 3.150987e+01
3.400000e+01 8.825289e-03 7.788573e-05 3.008695e+03 3.087432e+01
3.500000e+01 8.688864e-03 7.549636e-05 3.019792e+03 3.011285e+01
3.600000e+01 8.556907e-03 7.322065e-05 3.029613e+03 2.920742e+01
3.700000e+01 8.428722e-03 7.104335e-05 3.038156e+03 2.822314e+01
3.800000e+01 8.304584e-03 6.896612e-05 3.045271e+03 2.724191e+01
3.900000e+01 8.185321e-03 6.699948e-05 3.050870e+03 2.629771e+01
4.000000e+01 8.070887e-03 6.513922e-05 3.054898e+03 2.539649e+01
4.100000e+01 7.963330e-03 6.341462e-05 3.057342e+03 2.453729e+01
4.200000e+01 7.865122e-03 6.186014e-05 3.058294e+03 2.371829e+01
4.300000e+01 7.776005e-03 6.046626e-05 3.057800e+03 2.293708e+01
4.400000e+01 7.692813e-03 5.917937e-05 3.055868e+03 2.219119e+01
4.500000e+01 7.611497e-03 5.793489e-05 3.052471e+03 2.179726e+01
4.600000e+01 7.528600e-03 5.667982e-05 3.047584e+03 2.250967e+01
4.700000e+01 7.442092e-03 5.538473e-05 3.041327e+03 2.311591e+01
4.800000e+01 7.352273e-03 5.405592e-05 3.033854e+03 2.345788e+01
4.900000e+01 7.261045e-03 5.272277e-05 3.025354e+03 2.320772e+01
5.000000e+01 7.171074e-03 5.142430e-05 3.016090e+03 2.268382e+01
5.100000e+01 7.083920e-03 5.018193e-05 3.006419e+03 2.207323e+01
5.200000e+01 6.999236e-03 4.898930e-05 2.996517e+03 2.145302e+01
5.300000e+01 6.915518e-03 4.782438e-05 2.986638e+03 2.084783e+01
5.400000e+01 6.830885e-03 4.666099e-05 2.977064e+03 2.026318e+01
5.500000e+01 6.743838e-03 4.547936e-05 2.967978e+03 1.985470e+01
5.600000e+01 6.653904e-03 4.427444e-05 2.959487e+03 2.039673e+01
5.700000e+01 6.561869e-03 4.305812e-05 2.951527e+03 2.096769e+01
5.800000e+01 6.469247e-03 4.185116e-05 2.943888e+03 2.102626e+01
5.900000e+01 6.377852e-03 4.067699e-05 2.936450e+03 2.075520e+01
6.000000e+01 6.289418e-03 3.955678e-05 2.929119e+03 2.034518e+01
6.100000e+01 6.205012e-03 3.850217e-05 2.921908e+03 1.989514e+01
6.200000e+01 6.124761e-03 3.751270e-05 2.914791e+03 1.944594e+01
6.300000e+01 6.048987e-03 3.659024e-05 2.907614e+03 1.900917e+01
6.400000e+01 5.977449e-03 3.572990e-05 2.900186e+03 1.858595e+01
6.500000e+01 5.911634e-03 3.494742e-05 2.892595e+03 1.817621e+01
6.600000e+01 5.850398e-03 3.422716e-05 2.884800e+03 1.777944e+01
6.700000e+01 5.793348e-03 3.356288e-05 2.877328e+03 1.739447e+01
6.800000e+01 5.740458e-03 3.295286e-05 2.870590e+03 1.702025e+01
6.900000e+01 5.691797e-03 3.239656e-05 2.864237e+03 1.665694e+01
7.000000e+01 5.650137e-03 3.192405e-05 2.858075e+03 1.630449e+01
7.100000e+01 5.617516e-03 3.155648e-05 2.852235e+03 1.633032e+01
7.200000e+01 5.592655e-03 3.127779e-05 2.846682e+03 1.711858e+01
7.300000e+01 5.572640e-03 3.105432e-05 2.840951e+03 1.770090e+01
7.400000e+01 5.554284e-03 3.085007e-05 2.834883e+03 1.816544e+01
7.500000e+01 5.535122e-03 3.063757e-05 2.828675e+03 1.839049e+01
7.600000e+01 5.513909e-03 3.040320e-05 2.822573e+03 1.841641e+01
7.700000e+01 5.490479e-03 3.014536e-05 2.816731e+03 1.829777e+01
7.800000e+01 5.465441e-03 2.987105e-05 2.811045e+03 1.809594e+01
7.900000e+01 5.438857e-03 2.958116e-05 2.805327e+03 1.785572e+01
8.000000e+01 5.410808e-03 2.927685e-05 2.799426e+03 1.760509e+01
8.100000e+01 5.379977e-03 2.894415e-05 2.793236e+03 1.735616e+01
8.200000e+01 5.345352e-03 2.857279e-05 2.786853e+03 1.711242e+01
8.300000e+01 5.306873e-03 2.816290e-05 2.780425e+03 1.687441e+01
8.400000e+01 5.265670e-03 2.772728e-05 2.774046e+03 1.664205e+01
8.500000e+01 5.223537e-03 2.728533e-05 2.767763e+03 1.641513e+01
8.600000e+01 5.181725e-03 2.685027e-05 2.761588e+03 1.619349e+01
8.700000e+01 5.140466e-03 2.642439e-05 2.755563e+03 1.597693e+01
8.800000e+01 5.099853e-03 2.600850e-05 2.749761e+03 1.576529e+01
8.900000e+01 5.060128e-03 2.560490e-05 2.744199e+03 1.555839e+01
9.000000e+01 5.022039e-03 2.522088e-05 2.738841e+03 1.535609e+01
9.100000e+01 4.985908e-03 2.485928e-05 2.733530e+03 1.515823e+01
9.200000e+01 4.951674e-03 2.451908e-05 2.728090e+03 1.496466e+01
9.300000e+01 4.919177e-03 2.419831e-05 2.722521e+03 1.477524e+01
9.400000e+01 4.888604e-03 2.389845e-05 2.716743e+03 1.458985e+01
9.500000e+01 4.860630e-03 2.362572e-05 2.710757e+03 1.440836e+01
9.600000e+01 4.835268e-03 2.337982e-05 2.704839e+03 1.423065e+01
9.700000e+01 4.811840e-03 2.315380e-05 2.699051e+03 1.405659e+01
9.800000e+01 4.789472e-03 2.293905e-05 2.693354e+03 1.388608e+01
9.900000e+01 4.767509e-03 2.272914e-05 2.687737e+03 1.371901e+01
1.000000e+02 4.746164e-03 2.252607e-05 2.682130e+03 1.355527e+01
1.010000e+02 4.726828e-03 2.234290e-05 2.676310e+03 1.339478e+01
1.020000e+02 4.710074e-03 2.218480e-05 2.670133e+03 1.323742e+01
1.030000e+02 4.695217e-03 2.204506e-05 2.663635e+03 1.308312e+01
1.040000e+02 4.682772e-03 2.192835e-05 2.656753e+03 1.293178e+01
1.050000e+02 4.672606e-03 2.183324e-05 2.649481e+03 1.278332e+01
1.060000e+02 4.664365e-03 2.175630e-05 2.641881e+03 1.263766e+01
1.070000e+02 4.658006e-03 2.169702e-05 2.633992e+03 1.249471e+01
1.080000e+02 4.653180e-03 2.165209e-05 2.625911e+03 1.235441e+01
1.090000e+02 4.648592e-03 2.160941e-05 2.617717e+03 1.221669e+01
1.100000e+02 4.642796e-03 2.155555e-05 2.609372e+03 1.208146e+01
1.110000e+02 4.634654e-03 2.148002e-05 2.600826e+03 1.194866e+01
1.120000e+02 4.623515e-03 2.137689e-05 2.592037e+03 1.181824e+01
1.130000e+02 4.609201e-03 2.124474e-05 2.582953e+03 1.169012e+01
1.140000e+02 4.592179e-03 2.108810e-05 2.573432e+03 1.156424e+01
1.150000e+02 4.573033e-03 2.091263e-05 2.563381e+03 1.144055e+01
1.160000e+02 4.552218e-03 2.072269e-05 2.552813e+03 1.131899e+01
1.170000e+02 4.530315e-03 2.052376e-05 2.541763e+03 1.119951e+01
1.180000e+02 4.507866e-03 2.032086e-05 2.530275e+03 1.108205e+01
1.190000e+02 4.484913e-03 2.011445e-05 2.518483e+03 1.096656e+01
1.200000e+02 4.461309e-03 1.990328e-05 2.506438e+03 1.085300e+01
1.210000e+02 4.437014e-03 1.968709e-05 2.494186e+03 1.074136e+01
1.220000e+02 4.411998e-03 1.946573e-05 2.481778e+03 1.063160e+01
1.230000e+02 4.386150e-03 1.923831e-05 2.468936e+03 1.052360e+01
1.240000e+02 4.359787e-03 1.900774e-05 2.455768e+03 1.041732e+01
1.250000e+02 4.333368e-03 1.877808e-05 2.442342e+03 1.031271e+01
1.260000e+02 4.307512e-03 1.855466e-05 2.428706e+03 1.020974e+01
1.270000e+02 4.283056e-03 1.834456e-05 2.414942e+03 1.010838e+01
1.280000e+02 4.261035e-03 1.815642e-05 2.401118e+03 1.000860e+01
1.290000e+02 4.242654e-03 1.800011e-05 2.387224e+03 9.910364e+00
1.300000e+02 4.228185e-03 1.787755e-05 2.373174e+03 9.813637e+00
1.310000e+02 4.216614e-03 1.777983e-05 2.358917e+03 9.766178e+00
1.320000e+02 4.206624e-03 1.769568e-05 2.344484e+03 9.766178e+00
1.330000e+02 4.197176e-03 1.761628e-05 2.329934e+03 9.766178e+00
1.340000e+02 4.187070e-03 1.753155e-05 2.315306e+03 9.981703e+00
1.350000e+02 4.176110e-03 1.743989e-05 2.300650e+03 1.031474e+01
1.360000e+02 4.165316e-03 1.734986e-05 2.285858e+03 1.065644e+01
1.370000e+02 4.155072e-03 1.726462e-05 2.270824e+03 1.111099e+01
1.380000e+02 4.144803e-03 1.717940e-05 2.255663e+03 1.149595e+01
1.390000e+02 4.134757e-03 1.709621e-05 2.240440e+03 1.188764e+01
1.400000e+02 4.124991e-03 1.701555e-05 2.225187e+03 1.224542e+01
1.410000e+02 4.115684e-03 1.693885e-05 2.209897e+03 1.255684e+01
1.420000e+02 4.106962e-03 1.686714e-05 2.194552e+03 1.275105e+01
1.430000e+02 4.098989e-03 1.680171e-05 2.179239e+03 1.282174e+01
1.440000e+02 4.091508e-03 1.674043e-05 2.164020e+03 1.279656e+01
1.450000e+02 4.084514e-03 1.668325e-05 2.148803e+03 1.272454e+01
1.460000e+02 4.077869e-03 1.662902e-05 2.133545e+03 1.263488e+01
1.470000e+02 4.071489e-03 1.657702e-05 2.118091e+03 1.253661e+01
1.480000e+02 4.064710e-03 1.652187e-05 2.102329e+03 1.243211e+01
1.490000e+02 4.056666e-03 1.645654e-05 2.086239e+03 1.232539e+01
1.500000e+02 4.047133e-03 1.637928e-05 2.069839e+03 1.221919e+01
1.510000e+02 4.036233e-03 1.629117e-05 2.053126e+03 1.211423e+01
1.520000e+02 4.024330e-03 1.619523e-05 2.036202e+03 1.201063e+01
1.530000e+02 4.011392e-03 1.609126e-05 2.019110e+03 1.190838e+01
1.540000e+02 3.997593e-03 1.598075e-05 2.001928e+03 1.180745e+01
1.550000e+02 3.983388e-03 1.586738e-05 1.984754e+03 1.170782e+01
1.560000e+02 3.969166e-03 1.575428e-05 1.967615e+03 1.160948e+01
1.570000e+02 3.955179e-03 1.564344e-05 1.950492e+03 1.151238e+01
1.580000e+02 3.941720e-03 1.553715e-05 1.933382e+03 1.141651e+01
1.590000e+02 3.929377e-03 1.544001e-05 1.916277e+03 1.132184e+01
1.600000e+02 3.918255e-03 1.535272e-05 1.899302e+03 1.122836e+01
1.610000e+02 3.907809e-03 1.527097e-05 1.882385e+03 1.113604e+01
1.620000e+02 3.897536e-03 1.519078e-05 1.865555e+03 1.104486e+01
1.630000e+02 3.887157e-03 1.510999e-05 1.848851e+03 1.095479e+01
1.640000e+02 3.876464e-03 1.502697e-05 1.832281e+03 1.086582e+01
1.650000e+02 3.865610e-03 1.494294e-05 1.815874e+03 1.077793e+01
1.660000e+02 3.854430e-03 1.485663e-05 1.799566e+03 1.069110e+01
1.670000e+02 3.842921e-03 1.476804e-05 1.783348e+03 1.060530e+01
1.680000e+02 3.831209e-03 1.467816e-05 1.767236e+03 1.052053e+01
1.690000e+02 3.819274e-03 1.458685e-05 1.751196e+03 1.043676e+01
1.700000e+02 3.807199e-03 1.449477e-05 1.735188e+03 1.035397e+01
1.710000e+02 3.794887e-03 1.440117e-05 1.719204e+03 1.027216e+01
1.720000e+02 3.782284e-03 1.430567e-05 1.703295e+03 1.019129e+01
1.730000e+02 3.769294e-03 1.420758e-05 1.687498e+03 1.011135e+01
1.740000e+02 3.755962e-03 1.410725e-05 1.671833e+03 1.003234e+01
1.750000e+02 3.742345e-03 1.400515e-05 1.656280e+03 9.954225e+00
1.760000e+02 3.728248e-03 1.389983e-05 1.640879e+03 9.876999e+00
1.770000e+02 3.713723e-03 1.379174e-05 1.625598e+03 9.800644e+00
1.780000e+02 3.698940e-03 1.368216e-05 1.610407e+03 9.766178e+00
1.790000e+02 3.684258e-03 1.357376e-05 1.595303e+03 9.766178e+00
1.800000e+02 3.670104e-03 1.346967e-05 1.580249e+03 9.766178e+00
1.810000e+02 3.656544e-03 1.337032e-05 1.565205e+03 9.766178e+00
1.820000e+02 3.643292e-03 1.327357e-05 1.550188e+03 9.766178e+00
1.830000e+02 3.630261e-03 1.317880e-05 1.535189e+03 9.766178e+00
1.840000e+02 3.617655e-03 1.308743e-05 1.520197e+03 9.766178e+00
1.850000e+02 3.605483e-03 1.299950e-05 1.505206e+03 9.766178e+00
1.860000e+02 3.593374e-03 1.291234e-05 1.490178e+03 9.766178e+00
1.870000e+02 3.581140e-03 1.282457e-05 1.475071e+03 9.766177e+00
1.880000e+02 3.568620e-03 1.273505e-05 1.459858e+03 9.766174e+00
1.890000e+02 3.555693e-03 1.264295e-05 1.444581e+03 9.766160e+00
1.900000e+02 3.541987e-03 1.254567e-05 1.429237e+03 9.766117e+00
1.910000e+02 3.527421e-03 1.244270e-05 1.413857e+03 9.766012e+00
1.920000e+02 3.512447e-03 1.233728e-05 1.398448e+03 9.765807e+00
1.930000e+02 3.497732e-03 1.223413e-05 1.383017e+03 9.765448e+00
1.940000e+02 3.484402e-03 1.214105e-05 1.367573e+03 9.764482e+00
1.950000e+02 3.472872e-03 1.206084e-05 1.352164e+03 9.760469e+00
1.960000e+02 3.463001e-03 1.199237e-05 1.336837e+03 9.744700e+00
1.970000e+02 3.454249e-03 1.193184e-05 1.321586e+03 9.694579e+00
1.980000e+02 3.445581e-03 1.187203e-05 1.306406e+03 9.597416e+00
1.990000e+02 3.436200e-03 1.180747e-05 1.291293e+03 9.467680e+00
