**************************************************
*            H E D A C   s e a r c h             *
**************************************************
Started on: 2024-11-01 10:52:54.628191

Parameters:
         method: hedac
          x_min:      0.000
          x_max:    226.000
             dx:      1.000
          y_min:      0.000
          y_max:    315.000
             dy:      1.000

          alpha:      1.000
           beta:      0.500
          gamma:      0.100
          kappa:      0.000
             nu:      0.001
        sigma_m:      1.000
        sigma_c:      2.000
       sigma_ac:      0.100
         source:          difsource

         agents:         40
                   82.000,    294.000
                  160.000,    190.000
                  184.000,     85.000
                  193.000,     98.000
                  124.000,    206.000
                  149.000,    110.000
                   58.000,    225.000
                  168.000,    140.000
                   65.000,    241.000
                  185.000,    135.000
                   88.000,    291.000
                  172.000,    102.000
                  153.000,    105.000
                  138.000,    234.000
                   62.000,    241.000
                   49.000,    232.000
                  172.000,     69.000
                  176.000,     78.000
                  139.000,    171.000
                  140.000,    175.000
                  220.000,    126.000
                  160.000,    185.000
                  178.000,     97.000
                   77.000,    293.000
                   13.000,    241.000
                   44.000,    214.000
                  175.000,     99.000
                  187.000,    132.000
                  179.000,    152.000
                  152.000,    179.000
                   11.000,    243.000
                  138.000,    176.000
                  139.000,    174.000
                  131.000,    123.000
                   56.000,    225.000
                   79.000,    239.000
                   24.000,    229.000
                   48.000,    210.000
                  122.000,    268.000
                   66.000,    303.000
