**************************************************
*            H E D A C   s e a r c h             *
**************************************************
Started on: 2024-11-19 13:54:05.134650

Parameters:
         method: hedac
          x_min:      0.000
          x_max:    193.000
             dx:      1.000
          y_min:      0.000
          y_max:    226.000
             dy:      1.000

          alpha:      1.000
           beta:      0.500
          gamma:      0.100
          kappa:      0.000
             nu:      0.001
        sigma_m:      1.000
        sigma_c:      2.000
       sigma_ac:      0.100
         source:          difsource

         agents:         40
                   53.000,    188.000
                  125.000,    167.000
                   89.000,     56.000
                   93.000,     57.000
                  152.000,    190.000
                  119.000,    160.000
                  159.000,    176.000
                   39.000,    197.000
                   51.000,    213.000
                  169.000,     56.000
                  121.000,    134.000
                  155.000,    133.000
                   90.000,    146.000
                  176.000,    196.000
                  173.000,     57.000
                  143.000,     99.000
                  121.000,     89.000
                   88.000,    180.000
                  157.000,    191.000
                  173.000,     58.000
                   60.000,    130.000
                  157.000,    126.000
                  155.000,    180.000
                  126.000,    135.000
                   59.000,    162.000
                  144.000,    130.000
                  121.000,    174.000
                   67.000,    131.000
                  155.000,    118.000
                   46.000,    213.000
                   61.000,    133.000
                   55.000,    148.000
                   53.000,    175.000
                   65.000,    145.000
                   51.000,    210.000
                  126.000,      8.000
                  175.000,    104.000
                  142.000,    101.000
                  185.000,     63.000
                  173.000,    195.000
