           t           E1           E2           E3           E4
0.000000e+00 2.171599e-02 4.715844e-04 1.162394e+03 7.202311e+01
1.000000e+00 2.119736e-02 4.493279e-04 1.144064e+03 6.383622e+01
2.000000e+00 2.048028e-02 4.194417e-04 1.127331e+03 5.401205e+01
3.000000e+00 1.959112e-02 3.838121e-04 1.112011e+03 5.081995e+01
4.000000e+00 1.858914e-02 3.455562e-04 1.097694e+03 4.794046e+01
5.000000e+00 1.755470e-02 3.081676e-04 1.084644e+03 4.431966e+01
6.000000e+00 1.652829e-02 2.731842e-04 1.072453e+03 4.017856e+01
7.000000e+00 1.555161e-02 2.418526e-04 1.060718e+03 3.600309e+01
8.000000e+00 1.465437e-02 2.147506e-04 1.049137e+03 3.310942e+01
9.000000e+00 1.383697e-02 1.914616e-04 1.037295e+03 3.101624e+01
1.000000e+01 1.309359e-02 1.714421e-04 1.025017e+03 2.832961e+01
1.100000e+01 1.241834e-02 1.542151e-04 1.012361e+03 2.625239e+01
1.200000e+01 1.180249e-02 1.392988e-04 9.995542e+02 2.645226e+01
1.300000e+01 1.124033e-02 1.263450e-04 9.870137e+02 2.561313e+01
1.400000e+01 1.073134e-02 1.151616e-04 9.750327e+02 2.411359e+01
1.500000e+01 1.027317e-02 1.055380e-04 9.637020e+02 2.239011e+01
1.600000e+01 9.859182e-03 9.720346e-05 9.528911e+02 2.071057e+01
1.700000e+01 9.488578e-03 9.003310e-05 9.424449e+02 1.917482e+01
1.800000e+01 9.166491e-03 8.402456e-05 9.322808e+02 1.779554e+01
1.900000e+01 8.894621e-03 7.911427e-05 9.222846e+02 1.855143e+01
2.000000e+01 8.664654e-03 7.507622e-05 9.122353e+02 1.877117e+01
2.100000e+01 8.468444e-03 7.171454e-05 9.019872e+02 1.837324e+01
2.200000e+01 8.299813e-03 6.888689e-05 8.914388e+02 1.769300e+01
2.300000e+01 8.147432e-03 6.638065e-05 8.808320e+02 1.701321e+01
2.400000e+01 7.997044e-03 6.395270e-05 8.703822e+02 1.618750e+01
2.500000e+01 7.839497e-03 6.145771e-05 8.601628e+02 1.535225e+01
2.600000e+01 7.672932e-03 5.887388e-05 8.502419e+02 1.455970e+01
2.700000e+01 7.500995e-03 5.626492e-05 8.407298e+02 1.382090e+01
2.800000e+01 7.329993e-03 5.372879e-05 8.318823e+02 1.398057e+01
2.900000e+01 7.163681e-03 5.131832e-05 8.239234e+02 1.464084e+01
3.000000e+01 7.003517e-03 4.904925e-05 8.169045e+02 1.502717e+01
3.100000e+01 6.852786e-03 4.696068e-05 8.106292e+02 1.493949e+01
3.200000e+01 6.713272e-03 4.506802e-05 8.050931e+02 1.464923e+01
3.300000e+01 6.583982e-03 4.334882e-05 8.003616e+02 1.447024e+01
3.400000e+01 6.467462e-03 4.182806e-05 7.963940e+02 1.432781e+01
3.500000e+01 6.364990e-03 4.051310e-05 7.930834e+02 1.404593e+01
3.600000e+01 6.275928e-03 3.938727e-05 7.902222e+02 1.364017e+01
3.700000e+01 6.197583e-03 3.841003e-05 7.877279e+02 1.318872e+01
3.800000e+01 6.125469e-03 3.752137e-05 7.854728e+02 1.271560e+01
3.900000e+01 6.056562e-03 3.668194e-05 7.832698e+02 1.223366e+01
4.000000e+01 5.990842e-03 3.589019e-05 7.809013e+02 1.176622e+01
4.100000e+01 5.927522e-03 3.513551e-05 7.781804e+02 1.131900e+01
4.200000e+01 5.864792e-03 3.439578e-05 7.750567e+02 1.108056e+01
4.300000e+01 5.801350e-03 3.365567e-05 7.715424e+02 1.092818e+01
4.400000e+01 5.738265e-03 3.292769e-05 7.677263e+02 1.073508e+01
4.500000e+01 5.676857e-03 3.222670e-05 7.636952e+02 1.043576e+01
4.600000e+01 5.618625e-03 3.156895e-05 7.595380e+02 1.071856e+01
4.700000e+01 5.563501e-03 3.095254e-05 7.553153e+02 1.115239e+01
4.800000e+01 5.511185e-03 3.037315e-05 7.510855e+02 1.129215e+01
4.900000e+01 5.460732e-03 2.981959e-05 7.468961e+02 1.118183e+01
5.000000e+01 5.411743e-03 2.928696e-05 7.427425e+02 1.096140e+01
5.100000e+01 5.364752e-03 2.878056e-05 7.385894e+02 1.070892e+01
5.200000e+01 5.320026e-03 2.830268e-05 7.344394e+02 1.045496e+01
5.300000e+01 5.277367e-03 2.785061e-05 7.303248e+02 1.020824e+01
5.400000e+01 5.233913e-03 2.739384e-05 7.261863e+02 9.970377e+00
5.500000e+01 5.186458e-03 2.689935e-05 7.219582e+02 9.741347e+00
5.600000e+01 5.134939e-03 2.636760e-05 7.175898e+02 9.520868e+00
5.700000e+01 5.082232e-03 2.582908e-05 7.130173e+02 9.308524e+00
5.800000e+01 5.031669e-03 2.531770e-05 7.081918e+02 9.103804e+00
5.900000e+01 4.985205e-03 2.485226e-05 7.030200e+02 8.906200e+00
6.000000e+01 4.942205e-03 2.442539e-05 6.975412e+02 8.715170e+00
6.100000e+01 4.901308e-03 2.402282e-05 6.918647e+02 8.530194e+00
6.200000e+01 4.860827e-03 2.362764e-05 6.860553e+02 8.350820e+00
6.300000e+01 4.820260e-03 2.323490e-05 6.801359e+02 8.176722e+00
6.400000e+01 4.780059e-03 2.284896e-05 6.740913e+02 8.007851e+00
6.500000e+01 4.740405e-03 2.247144e-05 6.678614e+02 7.844225e+00
6.600000e+01 4.701791e-03 2.210684e-05 6.614722e+02 7.688251e+00
6.700000e+01 4.664503e-03 2.175759e-05 6.550186e+02 7.541976e+00
6.800000e+01 4.628534e-03 2.142333e-05 6.486728e+02 7.399908e+00
6.900000e+01 4.593367e-03 2.109902e-05 6.426506e+02 7.261580e+00
7.000000e+01 4.559211e-03 2.078640e-05 6.370333e+02 7.236999e+00
7.100000e+01 4.526055e-03 2.048518e-05 6.317501e+02 7.194992e+00
7.200000e+01 4.494125e-03 2.019716e-05 6.266809e+02 7.109975e+00
7.300000e+01 4.464347e-03 1.993039e-05 6.217108e+02 7.012704e+00
7.400000e+01 4.436325e-03 1.968098e-05 6.168284e+02 6.914194e+00
7.500000e+01 4.409362e-03 1.944247e-05 6.119922e+02 6.817474e+00
7.600000e+01 4.383073e-03 1.921133e-05 6.072062e+02 6.723152e+00
7.700000e+01 4.356837e-03 1.898203e-05 6.024653e+02 6.631255e+00
7.800000e+01 4.329782e-03 1.874702e-05 5.977723e+02 6.541708e+00
7.900000e+01 4.301344e-03 1.850156e-05 5.931273e+02 6.454423e+00
8.000000e+01 4.272749e-03 1.825639e-05 5.885362e+02 6.369317e+00
8.100000e+01 4.244479e-03 1.801560e-05 5.840084e+02 6.286308e+00
8.200000e+01 4.216405e-03 1.777807e-05 5.795470e+02 6.205320e+00
8.300000e+01 4.189470e-03 1.755166e-05 5.751615e+02 6.126280e+00
8.400000e+01 4.164621e-03 1.734406e-05 5.708513e+02 6.049120e+00
8.500000e+01 4.142213e-03 1.715793e-05 5.665704e+02 5.973776e+00
8.600000e+01 4.122705e-03 1.699670e-05 5.623120e+02 5.900188e+00
8.700000e+01 4.106018e-03 1.685938e-05 5.580852e+02 5.828288e+00
8.800000e+01 4.091951e-03 1.674407e-05 5.539047e+02 5.758014e+00
8.900000e+01 4.079828e-03 1.664500e-05 5.497951e+02 5.689315e+00
9.000000e+01 4.068963e-03 1.655646e-05 5.457904e+02 5.622137e+00
9.100000e+01 4.059533e-03 1.647981e-05 5.418922e+02 5.640562e+00
9.200000e+01 4.051601e-03 1.641547e-05 5.380976e+02 5.671430e+00
9.300000e+01 4.045235e-03 1.636393e-05 5.344158e+02 5.701542e+00
9.400000e+01 4.040588e-03 1.632635e-05 5.308501e+02 5.730470e+00
9.500000e+01 4.037456e-03 1.630105e-05 5.273909e+02 5.756177e+00
9.600000e+01 4.034876e-03 1.628022e-05 5.240495e+02 5.855781e+00
9.700000e+01 4.031556e-03 1.625344e-05 5.207965e+02 6.025601e+00
9.800000e+01 4.026570e-03 1.621326e-05 5.176037e+02 6.041230e+00
9.900000e+01 4.019502e-03 1.615639e-05 5.144916e+02 6.054143e+00
1.000000e+02 4.010511e-03 1.608420e-05 5.114516e+02 5.986828e+00
1.010000e+02 3.999541e-03 1.599633e-05 5.084498e+02 6.072609e+00
1.020000e+02 3.987061e-03 1.589666e-05 5.054543e+02 6.105288e+00
1.030000e+02 3.973965e-03 1.579240e-05 5.024399e+02 6.077276e+00
1.040000e+02 3.960563e-03 1.568606e-05 4.993961e+02 6.021285e+00
1.050000e+02 3.946527e-03 1.557508e-05 4.962902e+02 5.956261e+00
1.060000e+02 3.931106e-03 1.545360e-05 4.931249e+02 5.889765e+00
1.070000e+02 3.913280e-03 1.531376e-05 4.899223e+02 5.823955e+00
1.080000e+02 3.892130e-03 1.514868e-05 4.867041e+02 5.759273e+00
1.090000e+02 3.867232e-03 1.495548e-05 4.834981e+02 5.695765e+00
1.100000e+02 3.838606e-03 1.473489e-05 4.803069e+02 5.633409e+00
1.110000e+02 3.806805e-03 1.449177e-05 4.771310e+02 5.572176e+00
1.120000e+02 3.773165e-03 1.423678e-05 4.739846e+02 5.512034e+00
1.130000e+02 3.739329e-03 1.398258e-05 4.708661e+02 5.452955e+00
1.140000e+02 3.706843e-03 1.374069e-05 4.677749e+02 5.394912e+00
1.150000e+02 3.676744e-03 1.351845e-05 4.647232e+02 5.337877e+00
1.160000e+02 3.648820e-03 1.331389e-05 4.617252e+02 5.281824e+00
1.170000e+02 3.623730e-03 1.313142e-05 4.587415e+02 5.226727e+00
1.180000e+02 3.601364e-03 1.296982e-05 4.557682e+02 5.172564e+00
1.190000e+02 3.581087e-03 1.282419e-05 4.527765e+02 5.119310e+00
1.200000e+02 3.562342e-03 1.269028e-05 4.497598e+02 5.066942e+00
1.210000e+02 3.544234e-03 1.256160e-05 4.467265e+02 5.015439e+00
1.220000e+02 3.525739e-03 1.243083e-05 4.436480e+02 4.964779e+00
1.230000e+02 3.506168e-03 1.229321e-05 4.405129e+02 4.914942e+00
1.240000e+02 3.485205e-03 1.214665e-05 4.372861e+02 4.865908e+00
1.250000e+02 3.462829e-03 1.199119e-05 4.340019e+02 4.817657e+00
1.260000e+02 3.439499e-03 1.183016e-05 4.306989e+02 4.770171e+00
1.270000e+02 3.415756e-03 1.166739e-05 4.273967e+02 4.723433e+00
1.280000e+02 3.392029e-03 1.150586e-05 4.240946e+02 4.677424e+00
1.290000e+02 3.368637e-03 1.134772e-05 4.207963e+02 4.632127e+00
1.300000e+02 3.346046e-03 1.119602e-05 4.175078e+02 4.587526e+00
1.310000e+02 3.324216e-03 1.105041e-05 4.142435e+02 4.543606e+00
1.320000e+02 3.303106e-03 1.091051e-05 4.110089e+02 4.500350e+00
1.330000e+02 3.282802e-03 1.077679e-05 4.078300e+02 4.457744e+00
1.340000e+02 3.263613e-03 1.065117e-05 4.047184e+02 4.415774e+00
1.350000e+02 3.245884e-03 1.053577e-05 4.016465e+02 4.374424e+00
1.360000e+02 3.229870e-03 1.043206e-05 3.985673e+02 4.333682e+00
1.370000e+02 3.215793e-03 1.034132e-05 3.954641e+02 4.293534e+00
1.380000e+02 3.203382e-03 1.026165e-05 3.923322e+02 4.253967e+00
1.390000e+02 3.192403e-03 1.019144e-05 3.891635e+02 4.214969e+00
1.400000e+02 3.182830e-03 1.013041e-05 3.859623e+02 4.176528e+00
1.410000e+02 3.174260e-03 1.007593e-05 3.827691e+02 4.138631e+00
1.420000e+02 3.165798e-03 1.002228e-05 3.795843e+02 4.101267e+00
1.430000e+02 3.156830e-03 9.965578e-06 3.763795e+02 4.156764e+00
1.440000e+02 3.146869e-03 9.902787e-06 3.731467e+02 4.296470e+00
1.450000e+02 3.136302e-03 9.836393e-06 3.698938e+02 4.478346e+00
1.460000e+02 3.126299e-03 9.773745e-06 3.666009e+02 4.656434e+00
1.470000e+02 3.118017e-03 9.722032e-06 3.632564e+02 4.823246e+00
1.480000e+02 3.111826e-03 9.683463e-06 3.598762e+02 4.939588e+00
1.490000e+02 3.107073e-03 9.653905e-06 3.564717e+02 5.058653e+00
1.500000e+02 3.102799e-03 9.627361e-06 3.530435e+02 5.115301e+00
1.510000e+02 3.098388e-03 9.600010e-06 3.495993e+02 5.116594e+00
1.520000e+02 3.093557e-03 9.570096e-06 3.461344e+02 5.089126e+00
1.530000e+02 3.088547e-03 9.539123e-06 3.426438e+02 5.050586e+00
1.540000e+02 3.083190e-03 9.506059e-06 3.391186e+02 5.009061e+00
1.550000e+02 3.076969e-03 9.467736e-06 3.355589e+02 4.967415e+00
1.560000e+02 3.069029e-03 9.418938e-06 3.319678e+02 4.926070e+00
1.570000e+02 3.058580e-03 9.354913e-06 3.283529e+02 4.885038e+00
1.580000e+02 3.045546e-03 9.275348e-06 3.247181e+02 4.844443e+00
1.590000e+02 3.030101e-03 9.181512e-06 3.210679e+02 4.804346e+00
1.600000e+02 3.012477e-03 9.075017e-06 3.174041e+02 4.764747e+00
1.610000e+02 2.993342e-03 8.960098e-06 3.137258e+02 4.725640e+00
1.620000e+02 2.973671e-03 8.842717e-06 3.100236e+02 4.687016e+00
1.630000e+02 2.954661e-03 8.730023e-06 3.062733e+02 4.648867e+00
1.640000e+02 2.936617e-03 8.623722e-06 3.024591e+02 4.625991e+00
1.650000e+02 2.919189e-03 8.521665e-06 2.985726e+02 4.717652e+00
1.660000e+02 2.902109e-03 8.422234e-06 2.946065e+02 4.753525e+00
1.670000e+02 2.884761e-03 8.321844e-06 2.905280e+02 4.747449e+00
1.680000e+02 2.866848e-03 8.218816e-06 2.863158e+02 4.717322e+00
1.690000e+02 2.848370e-03 8.113214e-06 2.819899e+02 4.678014e+00
1.700000e+02 2.829531e-03 8.006247e-06 2.776383e+02 4.636025e+00
1.710000e+02 2.810539e-03 7.899132e-06 2.733525e+02 4.593741e+00
1.720000e+02 2.791460e-03 7.792251e-06 2.691389e+02 4.551742e+00
1.730000e+02 2.772029e-03 7.684146e-06 2.650014e+02 4.510127e+00
1.740000e+02 2.752131e-03 7.574227e-06 2.609998e+02 4.468822e+00
1.750000e+02 2.731800e-03 7.462731e-06 2.571715e+02 4.427776e+00
1.760000e+02 2.711074e-03 7.349921e-06 2.534975e+02 4.387047e+00
1.770000e+02 2.689748e-03 7.234746e-06 2.499247e+02 4.346712e+00
1.780000e+02 2.668001e-03 7.118229e-06 2.464124e+02 4.306806e+00
1.790000e+02 2.646447e-03 7.003684e-06 2.429867e+02 4.267345e+00
1.800000e+02 2.625085e-03 6.891070e-06 2.396415e+02 4.228347e+00
1.810000e+02 2.604100e-03 6.781339e-06 2.363855e+02 4.189861e+00
1.820000e+02 2.583950e-03 6.676796e-06 2.332135e+02 4.151999e+00
1.830000e+02 2.565199e-03 6.580246e-06 2.301175e+02 4.115024e+00
1.840000e+02 2.547917e-03 6.491880e-06 2.271249e+02 4.079397e+00
1.850000e+02 2.532026e-03 6.411156e-06 2.242497e+02 4.045353e+00
1.860000e+02 2.517225e-03 6.336422e-06 2.215013e+02 4.012537e+00
1.870000e+02 2.503253e-03 6.266277e-06 2.188718e+02 3.980238e+00
1.880000e+02 2.490300e-03 6.201593e-06 2.163731e+02 3.947656e+00
1.890000e+02 2.478505e-03 6.142986e-06 2.140207e+02 3.914372e+00
1.900000e+02 2.467583e-03 6.088965e-06 2.118193e+02 3.880481e+00
1.910000e+02 2.457219e-03 6.037926e-06 2.097741e+02 3.846310e+00
1.920000e+02 2.447387e-03 5.989701e-06 2.078778e+02 3.812160e+00
1.930000e+02 2.438219e-03 5.944913e-06 2.061323e+02 3.778201e+00
1.940000e+02 2.429882e-03 5.904326e-06 2.045384e+02 3.744534e+00
1.950000e+02 2.422600e-03 5.868993e-06 2.030848e+02 3.711206e+00
1.960000e+02 2.416283e-03 5.838425e-06 2.017740e+02 3.678250e+00
1.970000e+02 2.410504e-03 5.810529e-06 2.006091e+02 3.645791e+00
1.980000e+02 2.404842e-03 5.783266e-06 1.995988e+02 3.613991e+00
1.990000e+02 2.398914e-03 5.754789e-06 1.987381e+02 3.583305e+00
