**************************************************
*            H E D A C   s e a r c h             *
**************************************************
Started on: 2024-11-19 14:47:44.247593

Parameters:
         method: hedac
          x_min:      0.000
          x_max:    149.000
             dx:      1.000
          y_min:      0.000
          y_max:    307.000
             dy:      1.000

          alpha:      1.000
           beta:      0.500
          gamma:      0.100
          kappa:      0.000
             nu:      0.001
        sigma_m:      1.000
        sigma_c:      2.000
       sigma_ac:      0.100
         source:          difsource

         agents:         40
                   81.000,    178.000
                   82.000,     26.000
                   71.000,     30.000
                   58.000,    199.000
                  107.000,    278.000
                   87.000,     42.000
                   64.000,    177.000
                   58.000,     39.000
                   43.000,    164.000
                  113.000,     79.000
                   77.000,    250.000
                   94.000,    101.000
                   65.000,    245.000
                   74.000,    301.000
                   34.000,    166.000
                   64.000,     75.000
                  110.000,     93.000
                   69.000,    246.000
                  112.000,     89.000
                   61.000,     51.000
                   92.000,     64.000
                   49.000,    220.000
                   79.000,    254.000
                  115.000,    226.000
                  110.000,    257.000
                  120.000,    239.000
                   37.000,    168.000
                  122.000,     85.000
                   85.000,    284.000
                   43.000,    122.000
                  115.000,    263.000
                   65.000,    254.000
                   87.000,    288.000
                   93.000,     46.000
                  103.000,    271.000
                   61.000,     99.000
                   32.000,    176.000
                   57.000,    193.000
                   75.000,     33.000
                   65.000,     73.000
