**************************************************
*            H E D A C   s e a r c h             *
**************************************************
Started on: 2024-11-19 14:54:49.566595

Parameters:
         method: hedac
          x_min:      0.000
          x_max:    149.000
             dx:      1.000
          y_min:      0.000
          y_max:    307.000
             dy:      1.000

          alpha:      1.000
           beta:      0.500
          gamma:      0.100
          kappa:      0.000
             nu:      0.001
        sigma_m:      1.000
        sigma_c:      2.000
       sigma_ac:      0.100
         source:          difsource

         agents:         40
                   71.000,    162.000
                  102.000,     76.000
                   32.000,    188.000
                  120.000,     82.000
                   90.000,     58.000
                   81.000,     24.000
                  113.000,     81.000
                   40.000,    144.000
                   43.000,    147.000
                  103.000,     60.000
                   58.000,    232.000
                   66.000,     58.000
                   42.000,    127.000
                   79.000,    260.000
                   44.000,    111.000
                  118.000,    231.000
                  114.000,    227.000
                  100.000,    285.000
                   82.000,    132.000
                   34.000,    177.000
                  106.000,     80.000
                   69.000,    194.000
                   83.000,    158.000
                   77.000,    294.000
                   60.000,     97.000
                   75.000,    146.000
                   46.000,    122.000
                   43.000,    198.000
                   72.000,    158.000
                   52.000,     56.000
                  112.000,    267.000
                   68.000,     65.000
                   98.000,     47.000
                   57.000,    210.000
                   99.000,     86.000
                  101.000,     89.000
                   44.000,    190.000
                   59.000,     95.000
                   73.000,    145.000
                  108.000,    283.000
