           t           E1           E2           E3           E4
0.000000e+00 2.267429e-02 5.141236e-04 1.158990e+03 1.168474e+02
1.000000e+00 2.222854e-02 4.941079e-04 1.130633e+03 1.121702e+02
2.000000e+00 2.155917e-02 4.647978e-04 1.103551e+03 1.091058e+02
3.000000e+00 2.070947e-02 4.288821e-04 1.077979e+03 1.013655e+02
4.000000e+00 1.974575e-02 3.898947e-04 1.054252e+03 9.839296e+01
5.000000e+00 1.874220e-02 3.512699e-04 1.032283e+03 9.138400e+01
6.000000e+00 1.775643e-02 3.152908e-04 1.011595e+03 8.463314e+01
7.000000e+00 1.681895e-02 2.828771e-04 9.917227e+02 7.676542e+01
8.000000e+00 1.593882e-02 2.540461e-04 9.722489e+02 6.825434e+01
9.000000e+00 1.511584e-02 2.284887e-04 9.528889e+02 6.199231e+01
1.000000e+01 1.435343e-02 2.060208e-04 9.335440e+02 5.696952e+01
1.100000e+01 1.366217e-02 1.866549e-04 9.144157e+02 5.168630e+01
1.200000e+01 1.304815e-02 1.702542e-04 8.956237e+02 4.682255e+01
1.300000e+01 1.250717e-02 1.564294e-04 8.771515e+02 4.256102e+01
1.400000e+01 1.202584e-02 1.446209e-04 8.588830e+02 3.886637e+01
1.500000e+01 1.159200e-02 1.343745e-04 8.407134e+02 3.565040e+01
1.600000e+01 1.119744e-02 1.253826e-04 8.226955e+02 3.282938e+01
1.700000e+01 1.083403e-02 1.173761e-04 8.046308e+02 3.033534e+01
1.800000e+01 1.049722e-02 1.101917e-04 7.867177e+02 2.827087e+01
1.900000e+01 1.018512e-02 1.037367e-04 7.690719e+02 2.716103e+01
2.000000e+01 9.894432e-03 9.789978e-05 7.517206e+02 2.617418e+01
2.100000e+01 9.623176e-03 9.260551e-05 7.347576e+02 2.501529e+01
2.200000e+01 9.370186e-03 8.780039e-05 7.182594e+02 2.374033e+01
2.300000e+01 9.135011e-03 8.344843e-05 7.022961e+02 2.243773e+01
2.400000e+01 8.915989e-03 7.949487e-05 6.869133e+02 2.115236e+01
2.500000e+01 8.708225e-03 7.583318e-05 6.720487e+02 2.099611e+01
2.600000e+01 8.505799e-03 7.234861e-05 6.576618e+02 2.208742e+01
2.700000e+01 8.307081e-03 6.900760e-05 6.437818e+02 2.328591e+01
2.800000e+01 8.115785e-03 6.586597e-05 6.304152e+02 2.445670e+01
2.900000e+01 7.939207e-03 6.303101e-05 6.175558e+02 2.487322e+01
3.000000e+01 7.779947e-03 6.052758e-05 6.051839e+02 2.500914e+01
3.100000e+01 7.638805e-03 5.835134e-05 5.932912e+02 2.469344e+01
3.200000e+01 7.514471e-03 5.646728e-05 5.818837e+02 2.439636e+01
3.300000e+01 7.403205e-03 5.480744e-05 5.708599e+02 2.385514e+01
3.400000e+01 7.300490e-03 5.329716e-05 5.602473e+02 2.326361e+01
3.500000e+01 7.202005e-03 5.186887e-05 5.501167e+02 2.246302e+01
3.600000e+01 7.105138e-03 5.048299e-05 5.404972e+02 2.161230e+01
3.700000e+01 7.008946e-03 4.912532e-05 5.313899e+02 2.077947e+01
3.800000e+01 6.913806e-03 4.780072e-05 5.228473e+02 1.998390e+01
3.900000e+01 6.820145e-03 4.651438e-05 5.149583e+02 1.922777e+01
4.000000e+01 6.727708e-03 4.526205e-05 5.077854e+02 1.850906e+01
4.100000e+01 6.634657e-03 4.401867e-05 5.014344e+02 1.782518e+01
4.200000e+01 6.537526e-03 4.273924e-05 4.959123e+02 1.717368e+01
4.300000e+01 6.433711e-03 4.139264e-05 4.912478e+02 1.670661e+01
4.400000e+01 6.322815e-03 3.997799e-05 4.874930e+02 1.643670e+01
4.500000e+01 6.206704e-03 3.852317e-05 4.846799e+02 1.601990e+01
4.600000e+01 6.089171e-03 3.707800e-05 4.828280e+02 1.556372e+01
4.700000e+01 5.974888e-03 3.569929e-05 4.819500e+02 1.510972e+01
4.800000e+01 5.865229e-03 3.440092e-05 4.819513e+02 1.466988e+01
4.900000e+01 5.760375e-03 3.318192e-05 4.827746e+02 1.424670e+01
5.000000e+01 5.661464e-03 3.205218e-05 4.844084e+02 1.384014e+01
5.100000e+01 5.571780e-03 3.104474e-05 4.867620e+02 1.344952e+01
5.200000e+01 5.496594e-03 3.021254e-05 4.897382e+02 1.307416e+01
5.300000e+01 5.437224e-03 2.956340e-05 4.931577e+02 1.271372e+01
5.400000e+01 5.389922e-03 2.905126e-05 4.967233e+02 1.236819e+01
5.500000e+01 5.351310e-03 2.863651e-05 5.003534e+02 1.203697e+01
5.600000e+01 5.320092e-03 2.830338e-05 5.043793e+02 1.356992e+01
5.700000e+01 5.295445e-03 2.804174e-05 5.088432e+02 1.489850e+01
5.800000e+01 5.276453e-03 2.784096e-05 5.135465e+02 1.573530e+01
5.900000e+01 5.261816e-03 2.768671e-05 5.184221e+02 1.612502e+01
6.000000e+01 5.249358e-03 2.755576e-05 5.234304e+02 1.614907e+01
6.100000e+01 5.236719e-03 2.742323e-05 5.285380e+02 1.594969e+01
6.200000e+01 5.222216e-03 2.727154e-05 5.335731e+02 1.564849e+01
6.300000e+01 5.204568e-03 2.708753e-05 5.382348e+02 1.531371e+01
6.400000e+01 5.182632e-03 2.685968e-05 5.424075e+02 1.497613e+01
6.500000e+01 5.156028e-03 2.658462e-05 5.465231e+02 1.464423e+01
6.600000e+01 5.124920e-03 2.626481e-05 5.506953e+02 1.432027e+01
6.700000e+01 5.089336e-03 2.590135e-05 5.547468e+02 1.400514e+01
6.800000e+01 5.049589e-03 2.549835e-05 5.583962e+02 1.369929e+01
6.900000e+01 5.006796e-03 2.506801e-05 5.617609e+02 1.340224e+01
7.000000e+01 4.963137e-03 2.463273e-05 5.647908e+02 1.311377e+01
7.100000e+01 4.920483e-03 2.421115e-05 5.672861e+02 1.283378e+01
7.200000e+01 4.881105e-03 2.382519e-05 5.691575e+02 1.256194e+01
7.300000e+01 4.847039e-03 2.349379e-05 5.706610e+02 1.229728e+01
7.400000e+01 4.817976e-03 2.321290e-05 5.715579e+02 1.203983e+01
7.500000e+01 4.791738e-03 2.296075e-05 5.721051e+02 1.178894e+01
7.600000e+01 4.767217e-03 2.272636e-05 5.722205e+02 1.154461e+01
7.700000e+01 4.743788e-03 2.250352e-05 5.716363e+02 1.179694e+01
7.800000e+01 4.720258e-03 2.228084e-05 5.706398e+02 1.217300e+01
7.900000e+01 4.697086e-03 2.206262e-05 5.695571e+02 1.252841e+01
8.000000e+01 4.673286e-03 2.183960e-05 5.681628e+02 1.269023e+01
8.100000e+01 4.647873e-03 2.160272e-05 5.663408e+02 1.267875e+01
8.200000e+01 4.622728e-03 2.136962e-05 5.644269e+02 1.331227e+01
8.300000e+01 4.597478e-03 2.113681e-05 5.622505e+02 1.397929e+01
8.400000e+01 4.570625e-03 2.089061e-05 5.596731e+02 1.448757e+01
8.500000e+01 4.542004e-03 2.062980e-05 5.571206e+02 1.474476e+01
8.600000e+01 4.511608e-03 2.035460e-05 5.547101e+02 1.478764e+01
8.700000e+01 4.479948e-03 2.006993e-05 5.522867e+02 1.473123e+01
8.800000e+01 4.448486e-03 1.978903e-05 5.498857e+02 1.466236e+01
8.900000e+01 4.416655e-03 1.950684e-05 5.474482e+02 1.455283e+01
9.000000e+01 4.385021e-03 1.922841e-05 5.450367e+02 1.443661e+01
9.100000e+01 4.354250e-03 1.895950e-05 5.425632e+02 1.431953e+01
9.200000e+01 4.324334e-03 1.869987e-05 5.399477e+02 1.417427e+01
9.300000e+01 4.294483e-03 1.844258e-05 5.371554e+02 1.402167e+01
9.400000e+01 4.263708e-03 1.817920e-05 5.340970e+02 1.386989e+01
9.500000e+01 4.232129e-03 1.791092e-05 5.307192e+02 1.372137e+01
9.600000e+01 4.200004e-03 1.764003e-05 5.270166e+02 1.357660e+01
9.700000e+01 4.167400e-03 1.736722e-05 5.232541e+02 1.343482e+01
9.800000e+01 4.135235e-03 1.710017e-05 5.194511e+02 1.329569e+01
9.900000e+01 4.105375e-03 1.685410e-05 5.155115e+02 1.315876e+01
1.000000e+02 4.077956e-03 1.662972e-05 5.113914e+02 1.302392e+01
1.010000e+02 4.052337e-03 1.642143e-05 5.070998e+02 1.289138e+01
1.020000e+02 4.027185e-03 1.621822e-05 5.026601e+02 1.276127e+01
1.030000e+02 4.001094e-03 1.600875e-05 4.981038e+02 1.263360e+01
1.040000e+02 3.973401e-03 1.578791e-05 4.934368e+02 1.250837e+01
1.050000e+02 3.944071e-03 1.555570e-05 4.886688e+02 1.238553e+01
1.060000e+02 3.913965e-03 1.531912e-05 4.838573e+02 1.226499e+01
1.070000e+02 3.884131e-03 1.508647e-05 4.790267e+02 1.214672e+01
1.080000e+02 3.855478e-03 1.486471e-05 4.741858e+02 1.203063e+01
1.090000e+02 3.827864e-03 1.465255e-05 4.693206e+02 1.191668e+01
1.100000e+02 3.800637e-03 1.444484e-05 4.644445e+02 1.180480e+01
1.110000e+02 3.772912e-03 1.423486e-05 4.596017e+02 1.169494e+01
1.120000e+02 3.744105e-03 1.401832e-05 4.547962e+02 1.158704e+01
1.130000e+02 3.713602e-03 1.379084e-05 4.500377e+02 1.148106e+01
1.140000e+02 3.680777e-03 1.354812e-05 4.453290e+02 1.137693e+01
1.150000e+02 3.645662e-03 1.329085e-05 4.406922e+02 1.127461e+01
1.160000e+02 3.608555e-03 1.302167e-05 4.361235e+02 1.117406e+01
1.170000e+02 3.571259e-03 1.275389e-05 4.316433e+02 1.107523e+01
1.180000e+02 3.534797e-03 1.249479e-05 4.272350e+02 1.097807e+01
1.190000e+02 3.499386e-03 1.224571e-05 4.229002e+02 1.088255e+01
1.200000e+02 3.464885e-03 1.200543e-05 4.186584e+02 1.078862e+01
1.210000e+02 3.430165e-03 1.176603e-05 4.145441e+02 1.069624e+01
1.220000e+02 3.394375e-03 1.152178e-05 4.105606e+02 1.060538e+01
1.230000e+02 3.357605e-03 1.127351e-05 4.067279e+02 1.051600e+01
1.240000e+02 3.320288e-03 1.102431e-05 4.030150e+02 1.042806e+01
1.250000e+02 3.283094e-03 1.077871e-05 3.994194e+02 1.034159e+01
1.260000e+02 3.246952e-03 1.054270e-05 3.959348e+02 1.025683e+01
1.270000e+02 3.212825e-03 1.032225e-05 3.925730e+02 1.017521e+01
1.280000e+02 3.181731e-03 1.012341e-05 3.893381e+02 1.010792e+01
1.290000e+02 3.154151e-03 9.948670e-06 3.862431e+02 1.014505e+01
1.300000e+02 3.130208e-03 9.798205e-06 3.833036e+02 1.029564e+01
1.310000e+02 3.109738e-03 9.670469e-06 3.805243e+02 1.057325e+01
1.320000e+02 3.092049e-03 9.560767e-06 3.779056e+02 1.092855e+01
1.330000e+02 3.076259e-03 9.463370e-06 3.754754e+02 1.125955e+01
1.340000e+02 3.061763e-03 9.374394e-06 3.732661e+02 1.147987e+01
1.350000e+02 3.048358e-03 9.292486e-06 3.713026e+02 1.157074e+01
1.360000e+02 3.035826e-03 9.216242e-06 3.696003e+02 1.156474e+01
1.370000e+02 3.024092e-03 9.145133e-06 3.681230e+02 1.150684e+01
1.380000e+02 3.013433e-03 9.080781e-06 3.668633e+02 1.142904e+01
1.390000e+02 3.003992e-03 9.023967e-06 3.657797e+02 1.134610e+01
1.400000e+02 2.995868e-03 8.975227e-06 3.648465e+02 1.126289e+01
1.410000e+02 2.988928e-03 8.933690e-06 3.640330e+02 1.118059e+01
1.420000e+02 2.982398e-03 8.894698e-06 3.632826e+02 1.109941e+01
1.430000e+02 2.975466e-03 8.853396e-06 3.625655e+02 1.101937e+01
1.440000e+02 2.967931e-03 8.808612e-06 3.618398e+02 1.094044e+01
1.450000e+02 2.959392e-03 8.758003e-06 3.610656e+02 1.086259e+01
1.460000e+02 2.949577e-03 8.700003e-06 3.602338e+02 1.078582e+01
1.470000e+02 2.938603e-03 8.635389e-06 3.593590e+02 1.071008e+01
1.480000e+02 2.926914e-03 8.566827e-06 3.584556e+02 1.063537e+01
1.490000e+02 2.915055e-03 8.497549e-06 3.575271e+02 1.056167e+01
1.500000e+02 2.903599e-03 8.430889e-06 3.565829e+02 1.048895e+01
1.510000e+02 2.893180e-03 8.370490e-06 3.556430e+02 1.041719e+01
1.520000e+02 2.884506e-03 8.320375e-06 3.547415e+02 1.034638e+01
1.530000e+02 2.878080e-03 8.283345e-06 3.538877e+02 1.027649e+01
1.540000e+02 2.873616e-03 8.257669e-06 3.530630e+02 1.020751e+01
1.550000e+02 2.870090e-03 8.237416e-06 3.522680e+02 1.013942e+01
1.560000e+02 2.866375e-03 8.216107e-06 3.514948e+02 1.007221e+01
1.570000e+02 2.861407e-03 8.187649e-06 3.507494e+02 1.000586e+01
1.580000e+02 2.854932e-03 8.150635e-06 3.500115e+02 9.940344e+00
1.590000e+02 2.847395e-03 8.107660e-06 3.492754e+02 9.875659e+00
1.600000e+02 2.839448e-03 8.062462e-06 3.485741e+02 9.811783e+00
1.610000e+02 2.831588e-03 8.017890e-06 3.479493e+02 9.748696e+00
1.620000e+02 2.823988e-03 7.974906e-06 3.474373e+02 9.686385e+00
1.630000e+02 2.816622e-03 7.933358e-06 3.470568e+02 9.624838e+00
1.640000e+02 2.809482e-03 7.893188e-06 3.467999e+02 9.564041e+00
1.650000e+02 2.802879e-03 7.856129e-06 3.466908e+02 9.503982e+00
1.660000e+02 2.796872e-03 7.822495e-06 3.467673e+02 9.444646e+00
1.670000e+02 2.790746e-03 7.788262e-06 3.470414e+02 9.386022e+00
1.680000e+02 2.783584e-03 7.748339e-06 3.475070e+02 9.328096e+00
1.690000e+02 2.774789e-03 7.699453e-06 3.481410e+02 9.270855e+00
1.700000e+02 2.764274e-03 7.641210e-06 3.489136e+02 9.214288e+00
1.710000e+02 2.752402e-03 7.575719e-06 3.498400e+02 9.158383e+00
1.720000e+02 2.739702e-03 7.505969e-06 3.509071e+02 9.103129e+00
1.730000e+02 2.726839e-03 7.435653e-06 3.521092e+02 9.048513e+00
1.740000e+02 2.714267e-03 7.367246e-06 3.534390e+02 8.994525e+00
1.750000e+02 2.702264e-03 7.302230e-06 3.548966e+02 8.941155e+00
1.760000e+02 2.691043e-03 7.241714e-06 3.564773e+02 8.888392e+00
1.770000e+02 2.680583e-03 7.185527e-06 3.581605e+02 8.836224e+00
1.780000e+02 2.670612e-03 7.132166e-06 3.599262e+02 8.797296e+00
1.790000e+02 2.661033e-03 7.081096e-06 3.617762e+02 8.797296e+00
1.800000e+02 2.652081e-03 7.033533e-06 3.636782e+02 8.797296e+00
1.810000e+02 2.643921e-03 6.990321e-06 3.656226e+02 8.797296e+00
1.820000e+02 2.636351e-03 6.950344e-06 3.676091e+02 8.797296e+00
1.830000e+02 2.628732e-03 6.910235e-06 3.696468e+02 8.797296e+00
1.840000e+02 2.620518e-03 6.867115e-06 3.717536e+02 8.797296e+00
1.850000e+02 2.611412e-03 6.819471e-06 3.739539e+02 8.797296e+00
1.860000e+02 2.601847e-03 6.769610e-06 3.762394e+02 8.797296e+00
1.870000e+02 2.592372e-03 6.720394e-06 3.785989e+02 8.797296e+00
1.880000e+02 2.583435e-03 6.674137e-06 3.810205e+02 8.797296e+00
1.890000e+02 2.575389e-03 6.632630e-06 3.834862e+02 8.797296e+00
1.900000e+02 2.568433e-03 6.596847e-06 3.859734e+02 8.797296e+00
1.910000e+02 2.562573e-03 6.566780e-06 3.884700e+02 8.797296e+00
1.920000e+02 2.557501e-03 6.540813e-06 3.909825e+02 8.797296e+00
1.930000e+02 2.552387e-03 6.514677e-06 3.935280e+02 8.797296e+00
1.940000e+02 2.546674e-03 6.485548e-06 3.960969e+02 8.797296e+00
1.950000e+02 2.540115e-03 6.452184e-06 3.986842e+02 8.797296e+00
1.960000e+02 2.532516e-03 6.413639e-06 4.012975e+02 8.797296e+00
1.970000e+02 2.523537e-03 6.368241e-06 4.039365e+02 8.797296e+00
1.980000e+02 2.512950e-03 6.314915e-06 4.065870e+02 8.797296e+00
1.990000e+02 2.500701e-03 6.253504e-06 4.092537e+02 8.797296e+00
