**************************************************
*            H E D A C   s e a r c h             *
**************************************************
Started on: 2024-11-05 16:06:20.553946

Parameters:
         method: hedac
          x_min:      0.000
          x_max:    226.000
             dx:      1.000
          y_min:      0.000
          y_max:    315.000
             dy:      1.000

          alpha:      1.000
           beta:      0.500
          gamma:      0.100
          kappa:      0.000
             nu:      0.001
        sigma_m:      1.000
        sigma_c:      2.000
       sigma_ac:      0.100
         source:          difsource

         agents:         40
                  156.000,     50.000
                  171.000,    129.000
                  166.000,    196.000
                  162.000,    143.000
                  132.000,    176.000
                  179.000,     90.000
                   59.000,    217.000
                  171.000,     86.000
                   58.000,    215.000
                  160.000,    140.000
                  202.000,    128.000
                  156.000,     63.000
                   61.000,    224.000
                   76.000,    126.000
                   22.000,    225.000
                  165.000,    101.000
                   40.000,    211.000
                  146.000,    178.000
                  152.000,    148.000
                  122.000,    237.000
                   49.000,    251.000
                   64.000,    238.000
                   59.000,    251.000
                  151.000,    102.000
                  129.000,    107.000
                  154.000,    156.000
                   48.000,    210.000
                   99.000,    277.000
                  112.000,    259.000
                  144.000,    219.000
                  174.000,    120.000
                   98.000,    275.000
                   86.000,    184.000
                   63.000,    224.000
                  109.000,    217.000
                   97.000,    227.000
                   54.000,    217.000
                  159.000,     94.000
                  175.000,    131.000
                   97.000,    221.000
