**************************************************
*            H E D A C   s e a r c h             *
**************************************************
Started on: 2024-11-19 16:21:23.158698

Parameters:
         method: hedac
          x_min:      0.000
          x_max:    456.000
             dx:      1.000
          y_min:      0.000
          y_max:    478.000
             dy:      1.000

          alpha:      1.000
           beta:      0.500
          gamma:      0.100
          kappa:      0.000
             nu:      0.001
        sigma_m:      1.000
        sigma_c:      2.000
       sigma_ac:      0.100
         source:          difsource

         agents:         40
                  250.000,    169.000
                  262.000,    276.000
                  225.000,    454.000
                  224.000,    309.000
                  243.000,     30.000
                  107.000,    245.000
                   87.000,    196.000
                  117.000,     57.000
                   87.000,     59.000
                  232.000,    457.000
                   63.000,    183.000
                  255.000,    110.000
                  253.000,    190.000
                  160.000,    273.000
                  143.000,    270.000
                  149.000,    251.000
                  163.000,    276.000
                  189.000,    110.000
                   74.000,    214.000
                  360.000,    119.000
                  256.000,    141.000
                  253.000,    106.000
                   68.000,    151.000
                  291.000,     40.000
                  132.000,     56.000
                   82.000,    219.000
                  274.000,    473.000
                  258.000,    218.000
                   84.000,    177.000
                   86.000,    218.000
                  194.000,      7.000
                  257.000,    248.000
                   28.000,     59.000
                   77.000,    219.000
                  208.000,    236.000
                  204.000,    301.000
                  118.000,     58.000
                  211.000,    450.000
                  168.000,    178.000
                  160.000,    386.000
