**************************************************
*            H E D A C   s e a r c h             *
**************************************************
Started on: 2024-11-05 16:14:31.323210

Parameters:
         method: hedac
          x_min:      0.000
          x_max:    226.000
             dx:      1.000
          y_min:      0.000
          y_max:    315.000
             dy:      1.000

          alpha:      1.000
           beta:      0.500
          gamma:      0.100
          kappa:      0.000
             nu:      0.001
        sigma_m:      1.000
        sigma_c:      2.000
       sigma_ac:      0.100
         source:          difsource

         agents:         40
                  164.000,     67.000
                  157.000,    206.000
                   85.000,    124.000
                  177.000,     88.000
                  162.000,     40.000
                  159.000,    131.000
                  190.000,    122.000
                  173.000,    100.000
                  188.000,     95.000
                   41.000,    206.000
                  106.000,    275.000
                   37.000,    219.000
                  150.000,     62.000
                   42.000,    206.000
                  103.000,    190.000
                   74.000,    233.000
                   67.000,    247.000
                   75.000,    234.000
                   39.000,    211.000
                   29.000,    232.000
                   45.000,    211.000
                  146.000,    159.000
                  177.000,    116.000
                  107.000,    273.000
                   99.000,    125.000
                  142.000,     90.000
                  175.000,     90.000
                  107.000,    189.000
                  129.000,    245.000
                  159.000,     72.000
                   95.000,    125.000
                   77.000,    124.000
                  188.000,    103.000
                  107.000,    293.000
                   70.000,    233.000
                  172.000,    137.000
                  170.000,    122.000
                   44.000,    209.000
                  137.000,    232.000
                  177.000,     71.000
