           t           E1           E2           E3           E4
0.000000e+00 2.234950e-02 4.995001e-04 2.161823e+03 7.803306e+01
1.000000e+00 2.159422e-02 4.663104e-04 2.126291e+03 7.410762e+01
2.000000e+00 2.068901e-02 4.280352e-04 2.092005e+03 6.864466e+01
3.000000e+00 1.968227e-02 3.873918e-04 2.060854e+03 6.074657e+01
4.000000e+00 1.862774e-02 3.469928e-04 2.033120e+03 5.121976e+01
5.000000e+00 1.756655e-02 3.085838e-04 2.008853e+03 4.244527e+01
6.000000e+00 1.652955e-02 2.732260e-04 1.987729e+03 3.527770e+01
7.000000e+00 1.555499e-02 2.419577e-04 1.968910e+03 3.329754e+01
8.000000e+00 1.465877e-02 2.148794e-04 1.952191e+03 3.157381e+01
9.000000e+00 1.386089e-02 1.921243e-04 1.937853e+03 2.949869e+01
1.000000e+01 1.314453e-02 1.727786e-04 1.925890e+03 2.778596e+01
1.100000e+01 1.248589e-02 1.558974e-04 1.916328e+03 2.582958e+01
1.200000e+01 1.188447e-02 1.412406e-04 1.909096e+03 2.457595e+01
1.300000e+01 1.133793e-02 1.285487e-04 1.903970e+03 2.416927e+01
1.400000e+01 1.084717e-02 1.176610e-04 1.900481e+03 2.365780e+01
1.500000e+01 1.041605e-02 1.084941e-04 1.897537e+03 2.259746e+01
1.600000e+01 1.003656e-02 1.007325e-04 1.894237e+03 2.198915e+01
1.700000e+01 9.703062e-03 9.414941e-05 1.890274e+03 2.219824e+01
1.800000e+01 9.425110e-03 8.883270e-05 1.884464e+03 2.176815e+01
1.900000e+01 9.204202e-03 8.471733e-05 1.877954e+03 2.088066e+01
2.000000e+01 9.025973e-03 8.146819e-05 1.871574e+03 2.059101e+01
2.100000e+01 8.876080e-03 7.878480e-05 1.865120e+03 2.064953e+01
2.200000e+01 8.737669e-03 7.634686e-05 1.858591e+03 2.055939e+01
2.300000e+01 8.602327e-03 7.400002e-05 1.851870e+03 1.989829e+01
2.400000e+01 8.471918e-03 7.177340e-05 1.844611e+03 1.919475e+01
2.500000e+01 8.343620e-03 6.961600e-05 1.836985e+03 1.847904e+01
2.600000e+01 8.211239e-03 6.742445e-05 1.829118e+03 1.785133e+01
2.700000e+01 8.074803e-03 6.520244e-05 1.820835e+03 1.763986e+01
2.800000e+01 7.940175e-03 6.304637e-05 1.811581e+03 1.750954e+01
2.900000e+01 7.812100e-03 6.102891e-05 1.801014e+03 1.710241e+01
3.000000e+01 7.693927e-03 5.919652e-05 1.789138e+03 1.654562e+01
3.100000e+01 7.586530e-03 5.755544e-05 1.775974e+03 1.591230e+01
3.200000e+01 7.493951e-03 5.615930e-05 1.761895e+03 1.525362e+01
3.300000e+01 7.412656e-03 5.494746e-05 1.746890e+03 1.460769e+01
3.400000e+01 7.335912e-03 5.381560e-05 1.730901e+03 1.399149e+01
3.500000e+01 7.258837e-03 5.269072e-05 1.713977e+03 1.340847e+01
3.600000e+01 7.178879e-03 5.153630e-05 1.696227e+03 1.287834e+01
3.700000e+01 7.097321e-03 5.037196e-05 1.677951e+03 1.255053e+01
3.800000e+01 7.018148e-03 4.925441e-05 1.659361e+03 1.225425e+01
3.900000e+01 6.944599e-03 4.822746e-05 1.640587e+03 1.188222e+01
4.000000e+01 6.876297e-03 4.728346e-05 1.621686e+03 1.148679e+01
4.100000e+01 6.811865e-03 4.640150e-05 1.602626e+03 1.109247e+01
4.200000e+01 6.751909e-03 4.558827e-05 1.583568e+03 1.071037e+01
4.300000e+01 6.697751e-03 4.485986e-05 1.564655e+03 1.150184e+01
4.400000e+01 6.649064e-03 4.421005e-05 1.545874e+03 1.280825e+01
4.500000e+01 6.604221e-03 4.361573e-05 1.527252e+03 1.353527e+01
4.600000e+01 6.561321e-03 4.305093e-05 1.508783e+03 1.393584e+01
4.700000e+01 6.519684e-03 4.250628e-05 1.490565e+03 1.429989e+01
4.800000e+01 6.477652e-03 4.195998e-05 1.472669e+03 1.430680e+01
4.900000e+01 6.432691e-03 4.137951e-05 1.455071e+03 1.421585e+01
5.000000e+01 6.382730e-03 4.073924e-05 1.437700e+03 1.402429e+01
5.100000e+01 6.328222e-03 4.004639e-05 1.420449e+03 1.380130e+01
5.200000e+01 6.271615e-03 3.933315e-05 1.403489e+03 1.354366e+01
5.300000e+01 6.215637e-03 3.863414e-05 1.386908e+03 1.328119e+01
5.400000e+01 6.162560e-03 3.797715e-05 1.370674e+03 1.302368e+01
5.500000e+01 6.112062e-03 3.735730e-05 1.354749e+03 1.277385e+01
5.600000e+01 6.065016e-03 3.678441e-05 1.339300e+03 1.253229e+01
5.700000e+01 6.020037e-03 3.624084e-05 1.324394e+03 1.229895e+01
5.800000e+01 5.975713e-03 3.570915e-05 1.310078e+03 1.207358e+01
5.900000e+01 5.931573e-03 3.518356e-05 1.296464e+03 1.185585e+01
6.000000e+01 5.886807e-03 3.465449e-05 1.283400e+03 1.164544e+01
6.100000e+01 5.842871e-03 3.413914e-05 1.270983e+03 1.144216e+01
6.200000e+01 5.798617e-03 3.362396e-05 1.259263e+03 1.124559e+01
6.300000e+01 5.752453e-03 3.309071e-05 1.248232e+03 1.105525e+01
6.400000e+01 5.704498e-03 3.254130e-05 1.237897e+03 1.087089e+01
6.500000e+01 5.657128e-03 3.200310e-05 1.228249e+03 1.069226e+01
6.600000e+01 5.610291e-03 3.147536e-05 1.219302e+03 1.051913e+01
6.700000e+01 5.563808e-03 3.095596e-05 1.211170e+03 1.035114e+01
6.800000e+01 5.518942e-03 3.045873e-05 1.203893e+03 1.018787e+01
6.900000e+01 5.475580e-03 2.998198e-05 1.197405e+03 1.002905e+01
7.000000e+01 5.433021e-03 2.951772e-05 1.191602e+03 9.874550e+00
7.100000e+01 5.390958e-03 2.906243e-05 1.186271e+03 9.724290e+00
7.200000e+01 5.348965e-03 2.861143e-05 1.181297e+03 9.578155e+00
7.300000e+01 5.307239e-03 2.816678e-05 1.176627e+03 9.436003e+00
7.400000e+01 5.266435e-03 2.773534e-05 1.172100e+03 9.297681e+00
7.500000e+01 5.227098e-03 2.732255e-05 1.167759e+03 9.163040e+00
7.600000e+01 5.188663e-03 2.692222e-05 1.163649e+03 9.031931e+00
7.700000e+01 5.150123e-03 2.652376e-05 1.159852e+03 8.904218e+00
7.800000e+01 5.111040e-03 2.612273e-05 1.156437e+03 8.779772e+00
7.900000e+01 5.071360e-03 2.571869e-05 1.153374e+03 8.658468e+00
8.000000e+01 5.031032e-03 2.531128e-05 1.150525e+03 8.540190e+00
8.100000e+01 4.989775e-03 2.489786e-05 1.147808e+03 8.424825e+00
8.200000e+01 4.947278e-03 2.447556e-05 1.145165e+03 8.312267e+00
8.300000e+01 4.903623e-03 2.404552e-05 1.142576e+03 8.202416e+00
8.400000e+01 4.859325e-03 2.361304e-05 1.140090e+03 8.095174e+00
8.500000e+01 4.815015e-03 2.318437e-05 1.137722e+03 7.990449e+00
8.600000e+01 4.771830e-03 2.277036e-05 1.135380e+03 7.888155e+00
8.700000e+01 4.731196e-03 2.238421e-05 1.133107e+03 7.788207e+00
8.800000e+01 4.694444e-03 2.203781e-05 1.130963e+03 7.690526e+00
8.900000e+01 4.662429e-03 2.173825e-05 1.128988e+03 7.595035e+00
9.000000e+01 4.635671e-03 2.148944e-05 1.127154e+03 7.501662e+00
9.100000e+01 4.613961e-03 2.128864e-05 1.125410e+03 7.410337e+00
9.200000e+01 4.596177e-03 2.112484e-05 1.123781e+03 7.320992e+00
9.300000e+01 4.580326e-03 2.097939e-05 1.122291e+03 7.233565e+00
9.400000e+01 4.564747e-03 2.083692e-05 1.120957e+03 7.147995e+00
9.500000e+01 4.548677e-03 2.069046e-05 1.119786e+03 7.064222e+00
9.600000e+01 4.532595e-03 2.054442e-05 1.118719e+03 6.982192e+00
9.700000e+01 4.516769e-03 2.040121e-05 1.117745e+03 6.901849e+00
9.800000e+01 4.501540e-03 2.026386e-05 1.116886e+03 6.823143e+00
9.900000e+01 4.487787e-03 2.014024e-05 1.116189e+03 6.746023e+00
1.000000e+02 4.474090e-03 2.001748e-05 1.115575e+03 6.670443e+00
1.010000e+02 4.458669e-03 1.987973e-05 1.114965e+03 6.596357e+00
1.020000e+02 4.440922e-03 1.972179e-05 1.114340e+03 6.523722e+00
1.030000e+02 4.421025e-03 1.954546e-05 1.113629e+03 6.452496e+00
1.040000e+02 4.399690e-03 1.935727e-05 1.112789e+03 6.447536e+00
1.050000e+02 4.378090e-03 1.916767e-05 1.111791e+03 6.442554e+00
1.060000e+02 4.357621e-03 1.898886e-05 1.110554e+03 6.422955e+00
1.070000e+02 4.339343e-03 1.882990e-05 1.109053e+03 6.411066e+00
1.080000e+02 4.323362e-03 1.869146e-05 1.107211e+03 6.439388e+00
1.090000e+02 4.309384e-03 1.857079e-05 1.104970e+03 6.467189e+00
1.100000e+02 4.297481e-03 1.846835e-05 1.102332e+03 6.494467e+00
1.110000e+02 4.287302e-03 1.838096e-05 1.099262e+03 6.521111e+00
1.120000e+02 4.279054e-03 1.831031e-05 1.095715e+03 6.547409e+00
1.130000e+02 4.272968e-03 1.825826e-05 1.091726e+03 6.615723e+00
1.140000e+02 4.268743e-03 1.822217e-05 1.087392e+03 6.682760e+00
1.150000e+02 4.264798e-03 1.818850e-05 1.082741e+03 6.748396e+00
1.160000e+02 4.259719e-03 1.814521e-05 1.077821e+03 6.812496e+00
1.170000e+02 4.252640e-03 1.808495e-05 1.072660e+03 6.875007e+00
1.180000e+02 4.243383e-03 1.800630e-05 1.067275e+03 6.936210e+00
1.190000e+02 4.231829e-03 1.790838e-05 1.061685e+03 6.994057e+00
1.200000e+02 4.218354e-03 1.779451e-05 1.055900e+03 7.042774e+00
1.210000e+02 4.203445e-03 1.766895e-05 1.049931e+03 7.069614e+00
1.220000e+02 4.187317e-03 1.753362e-05 1.043805e+03 7.052340e+00
1.230000e+02 4.170176e-03 1.739037e-05 1.037454e+03 6.991308e+00
1.240000e+02 4.152001e-03 1.723912e-05 1.030909e+03 6.899078e+00
1.250000e+02 4.132507e-03 1.707761e-05 1.024141e+03 6.719462e+00
1.260000e+02 4.111381e-03 1.690346e-05 1.017218e+03 6.520359e+00
1.270000e+02 4.088221e-03 1.671355e-05 1.010154e+03 6.311093e+00
1.280000e+02 4.063507e-03 1.651209e-05 1.003003e+03 6.131908e+00
1.290000e+02 4.037941e-03 1.630497e-05 9.957824e+02 6.003837e+00
1.300000e+02 4.012375e-03 1.609915e-05 9.885186e+02 5.899435e+00
1.310000e+02 3.987134e-03 1.589724e-05 9.812346e+02 5.793879e+00
1.320000e+02 3.962381e-03 1.570047e-05 9.739668e+02 5.720021e+00
1.330000e+02 3.937961e-03 1.550754e-05 9.667067e+02 5.756353e+00
1.340000e+02 3.914453e-03 1.532294e-05 9.594374e+02 5.792143e+00
1.350000e+02 3.892168e-03 1.514897e-05 9.521160e+02 5.827404e+00
1.360000e+02 3.871428e-03 1.498795e-05 9.447630e+02 5.862145e+00
1.370000e+02 3.851791e-03 1.483629e-05 9.373321e+02 5.896379e+00
1.380000e+02 3.833007e-03 1.469194e-05 9.298299e+02 5.930111e+00
1.390000e+02 3.814849e-03 1.455307e-05 9.223444e+02 5.963328e+00
1.400000e+02 3.797102e-03 1.441798e-05 9.149339e+02 5.995962e+00
1.410000e+02 3.779632e-03 1.428562e-05 9.076409e+02 6.027696e+00
1.420000e+02 3.762106e-03 1.415344e-05 9.004774e+02 6.057493e+00
1.430000e+02 3.744217e-03 1.401916e-05 8.934983e+02 6.082875e+00
1.440000e+02 3.726460e-03 1.388650e-05 8.867160e+02 6.098976e+00
1.450000e+02 3.709656e-03 1.376154e-05 8.800997e+02 6.097738e+00
1.460000e+02 3.694375e-03 1.364840e-05 8.736358e+02 6.068626e+00
1.470000e+02 3.681356e-03 1.355238e-05 8.673228e+02 6.005335e+00
1.480000e+02 3.670669e-03 1.347381e-05 8.611492e+02 5.908408e+00
1.490000e+02 3.661114e-03 1.340376e-05 8.551182e+02 5.910407e+00
1.500000e+02 3.651677e-03 1.333475e-05 8.492484e+02 5.954456e+00
1.510000e+02 3.641730e-03 1.326220e-05 8.434602e+02 5.997922e+00
1.520000e+02 3.630832e-03 1.318294e-05 8.377655e+02 6.040817e+00
1.530000e+02 3.619106e-03 1.309793e-05 8.321399e+02 6.083152e+00
1.540000e+02 3.607147e-03 1.301151e-05 8.265915e+02 6.124938e+00
1.550000e+02 3.595749e-03 1.292941e-05 8.211046e+02 6.166186e+00
1.560000e+02 3.585518e-03 1.285594e-05 8.156618e+02 6.206905e+00
1.570000e+02 3.576803e-03 1.279352e-05 8.102663e+02 6.247106e+00
1.580000e+02 3.569820e-03 1.274362e-05 8.049321e+02 6.286799e+00
1.590000e+02 3.564507e-03 1.270571e-05 7.996671e+02 6.325993e+00
1.600000e+02 3.560266e-03 1.267550e-05 7.944705e+02 6.364698e+00
1.610000e+02 3.556452e-03 1.264835e-05 7.893406e+02 6.402922e+00
1.620000e+02 3.552445e-03 1.261986e-05 7.842654e+02 6.440668e+00
1.630000e+02 3.547823e-03 1.258705e-05 7.792096e+02 6.477934e+00
1.640000e+02 3.542388e-03 1.254851e-05 7.741635e+02 6.514638e+00
1.650000e+02 3.536373e-03 1.250594e-05 7.691284e+02 6.550342e+00
1.660000e+02 3.529952e-03 1.246056e-05 7.641464e+02 6.583539e+00
1.670000e+02 3.523061e-03 1.241196e-05 7.592602e+02 6.609891e+00
1.680000e+02 3.515589e-03 1.235937e-05 7.544544e+02 6.619113e+00
1.690000e+02 3.508000e-03 1.230606e-05 7.497318e+02 6.592270e+00
1.700000e+02 3.501151e-03 1.225806e-05 7.451216e+02 6.506405e+00
1.710000e+02 3.496293e-03 1.222406e-05 7.406593e+02 6.350849e+00
1.720000e+02 3.493190e-03 1.220238e-05 7.363265e+02 6.180978e+00
1.730000e+02 3.491230e-03 1.218869e-05 7.320765e+02 6.026553e+00
1.740000e+02 3.489819e-03 1.217883e-05 7.278855e+02 5.927404e+00
1.750000e+02 3.488276e-03 1.216807e-05 7.237303e+02 5.813063e+00
1.760000e+02 3.486212e-03 1.215368e-05 7.196329e+02 5.817465e+00
1.770000e+02 3.483289e-03 1.213330e-05 7.155609e+02 5.837008e+00
1.780000e+02 3.479726e-03 1.210850e-05 7.115355e+02 5.856333e+00
1.790000e+02 3.475183e-03 1.207690e-05 7.075440e+02 5.875443e+00
1.800000e+02 3.469462e-03 1.203717e-05 7.035991e+02 5.894341e+00
1.810000e+02 3.462565e-03 1.198936e-05 6.997073e+02 5.913030e+00
1.820000e+02 3.455030e-03 1.193723e-05 6.958421e+02 5.931514e+00
1.830000e+02 3.446823e-03 1.188059e-05 6.920088e+02 5.949796e+00
1.840000e+02 3.437999e-03 1.181984e-05 6.882128e+02 5.967879e+00
1.850000e+02 3.428952e-03 1.175771e-05 6.844446e+02 5.985768e+00
1.860000e+02 3.419683e-03 1.169423e-05 6.806963e+02 6.003464e+00
1.870000e+02 3.410223e-03 1.162962e-05 6.769489e+02 6.020971e+00
1.880000e+02 3.400627e-03 1.156426e-05 6.732064e+02 6.038292e+00
1.890000e+02 3.390841e-03 1.149780e-05 6.694741e+02 6.055429e+00
1.900000e+02 3.380821e-03 1.142995e-05 6.657386e+02 6.072376e+00
1.910000e+02 3.370273e-03 1.135874e-05 6.619958e+02 6.089073e+00
1.920000e+02 3.359193e-03 1.128417e-05 6.582502e+02 6.105152e+00
1.930000e+02 3.348091e-03 1.120971e-05 6.544946e+02 6.118988e+00
1.940000e+02 3.337495e-03 1.113888e-05 6.507495e+02 6.125253e+00
1.950000e+02 3.327388e-03 1.107151e-05 6.470425e+02 6.112034e+00
1.960000e+02 3.317592e-03 1.100642e-05 6.433792e+02 6.059578e+00
1.970000e+02 3.307892e-03 1.094215e-05 6.397420e+02 5.979720e+00
1.980000e+02 3.298188e-03 1.087804e-05 6.361048e+02 5.907257e+00
1.990000e+02 3.288212e-03 1.081234e-05 6.324745e+02 5.855216e+00
