**************************************************
*            H E D A C   s e a r c h             *
**************************************************
Started on: 2024-11-19 13:54:11.207407

Parameters:
         method: hedac
          x_min:      0.000
          x_max:    193.000
             dx:      1.000
          y_min:      0.000
          y_max:    226.000
             dy:      1.000

          alpha:      1.000
           beta:      0.500
          gamma:      0.100
          kappa:      0.000
             nu:      0.001
        sigma_m:      1.000
        sigma_c:      2.000
       sigma_ac:      0.100
         source:          difsource

         agents:         40
                   67.000,    178.000
                  107.000,    131.000
                  161.000,    174.000
                  106.000,    125.000
                  170.000,    196.000
                  137.000,     23.000
                  145.000,     25.000
                  167.000,    105.000
                  146.000,    142.000
                  150.000,     59.000
                   51.000,    218.000
                  174.000,     57.000
                  114.000,    186.000
                   69.000,    134.000
                   76.000,    191.000
                   60.000,    107.000
                   37.000,    186.000
                  168.000,     50.000
                  157.000,    133.000
                  163.000,     45.000
                  145.000,    127.000
                   95.000,    146.000
                  170.000,    107.000
                  115.000,    190.000
                   42.000,    211.000
                  126.000,     87.000
                  144.000,    139.000
                  103.000,     96.000
                  159.000,    177.000
                   35.000,    197.000
                  108.000,     68.000
                  150.000,     58.000
                   98.000,    122.000
                   73.000,    134.000
                   80.000,    120.000
                  126.000,     90.000
                  179.000,     61.000
                  171.000,    103.000
                  156.000,     45.000
                  143.000,     98.000
