**************************************************
*            H E D A C   s e a r c h             *
**************************************************
Started on: 2024-11-19 14:54:21.410440

Parameters:
         method: hedac
          x_min:      0.000
          x_max:    149.000
             dx:      1.000
          y_min:      0.000
          y_max:    307.000
             dy:      1.000

          alpha:      1.000
           beta:      0.500
          gamma:      0.100
          kappa:      0.000
             nu:      0.001
        sigma_m:      1.000
        sigma_c:      2.000
       sigma_ac:      0.100
         source:          difsource

         agents:         40
                   53.000,    194.000
                   69.000,    181.000
                   83.000,    128.000
                  102.000,     73.000
                   60.000,     58.000
                   91.000,    103.000
                   49.000,    111.000
                  109.000,    266.000
                   56.000,    242.000
                   48.000,    193.000
                   97.000,    289.000
                   76.000,    300.000
                  120.000,     89.000
                   89.000,    287.000
                   86.000,    192.000
                   67.000,    291.000
                  113.000,    273.000
                   80.000,    293.000
                  118.000,    252.000
                   99.000,     62.000
                   50.000,    213.000
                   78.000,     82.000
                   80.000,    293.000
                  105.000,    272.000
                   94.000,     29.000
                   66.000,    190.000
                  108.000,    224.000
                  103.000,     61.000
                   33.000,    185.000
                   52.000,    112.000
                   34.000,    179.000
                   97.000,     62.000
                   78.000,     32.000
                   93.000,     43.000
                   65.000,    176.000
                   64.000,     44.000
                  103.000,    273.000
                   83.000,    284.000
                   66.000,     73.000
                   94.000,     32.000
