**************************************************
*            H E D A C   s e a r c h             *
**************************************************
Started on: 2024-11-19 14:47:24.394934

Parameters:
         method: hedac
          x_min:      0.000
          x_max:    149.000
             dx:      1.000
          y_min:      0.000
          y_max:    307.000
             dy:      1.000

          alpha:      1.000
           beta:      0.500
          gamma:      0.100
          kappa:      0.000
             nu:      0.001
        sigma_m:      1.000
        sigma_c:      2.000
       sigma_ac:      0.100
         source:          difsource

         agents:         40
                   83.000,    148.000
                   70.000,     64.000
                   66.000,    165.000
                   79.000,    288.000
                   68.000,    187.000
                   48.000,    169.000
                   43.000,    184.000
                   62.000,     80.000
                   51.000,    119.000
                   57.000,    199.000
                   96.000,    281.000
                  104.000,    283.000
                   48.000,    154.000
                  111.000,    262.000
                   64.000,    180.000
                   34.000,    148.000
                   64.000,    171.000
                  112.000,     78.000
                   88.000,     38.000
                  102.000,     26.000
                   61.000,     60.000
                   46.000,    151.000
                   91.000,     41.000
                   89.000,     36.000
                   40.000,    194.000
                   49.000,    217.000
                  116.000,    235.000
                   31.000,    177.000
                   94.000,    105.000
                   68.000,    168.000
                  117.000,     81.000
                   50.000,    112.000
                   45.000,    117.000
                  117.000,    266.000
                   34.000,    139.000
                   66.000,    241.000
                   98.000,     68.000
                   33.000,    167.000
                   68.000,    157.000
                   81.000,    160.000
