**************************************************
*            H E D A C   s e a r c h             *
**************************************************
Started on: 2024-11-19 14:42:22.743231

Parameters:
         method: hedac
          x_min:      0.000
          x_max:    149.000
             dx:      1.000
          y_min:      0.000
          y_max:    307.000
             dy:      1.000

          alpha:      1.000
           beta:      0.500
          gamma:      0.100
          kappa:      0.000
             nu:      0.001
        sigma_m:      1.000
        sigma_c:      2.000
       sigma_ac:      0.100
         source:          difsource

         agents:         40
                   86.000,    303.000
                   86.000,     30.000
                  116.000,     75.000
                  119.000,    232.000
                   40.000,    193.000
                  103.000,    282.000
                   41.000,    161.000
                  116.000,    239.000
                  104.000,     46.000
                   95.000,    273.000
                   72.000,    307.000
                   53.000,    199.000
                  103.000,    278.000
                  115.000,     82.000
                   55.000,    108.000
                   56.000,    110.000
                   47.000,    190.000
                   50.000,    167.000
                   46.000,    218.000
                   71.000,    158.000
                   59.000,     88.000
                   90.000,    131.000
                   44.000,    169.000
                   83.000,    159.000
                   95.000,     35.000
                   89.000,     21.000
                   88.000,    168.000
                   57.000,    102.000
                  119.000,     81.000
                  129.000,     83.000
                   57.000,     89.000
                  112.000,     87.000
                   90.000,    177.000
                   93.000,     50.000
                   36.000,    154.000
                  116.000,     80.000
                   68.000,     81.000
                   70.000,     81.000
                  101.000,     55.000
                   94.000,     44.000
