**************************************************
*            H E D A C   s e a r c h             *
**************************************************
Started on: 2024-11-19 16:43:08.717881

Parameters:
         method: hedac
          x_min:      0.000
          x_max:    456.000
             dx:      1.000
          y_min:      0.000
          y_max:    478.000
             dy:      1.000

          alpha:      1.000
           beta:      0.500
          gamma:      0.100
          kappa:      0.000
             nu:      0.001
        sigma_m:      1.000
        sigma_c:      2.000
       sigma_ac:      0.100
         source:          difsource

         agents:         40
                   66.000,    147.000
                  219.000,    456.000
                   54.000,    229.000
                  145.000,    259.000
                  389.000,    131.000
                   91.000,    227.000
                  409.000,    145.000
                   16.000,     45.000
                   66.000,    104.000
                   62.000,    121.000
                   30.000,     43.000
                  228.000,     10.000
                   59.000,    179.000
                  253.000,    130.000
                  207.000,    158.000
                  224.000,     12.000
                  164.000,     99.000
                  411.000,    140.000
                  241.000,    107.000
                  190.000,    424.000
                  210.000,    443.000
                  177.000,    400.000
                  260.000,    272.000
                  259.000,    250.000
                  198.000,    105.000
                   58.000,     52.000
                  165.000,    394.000
                  310.000,     48.000
                   57.000,     46.000
                  184.000,    235.000
                  341.000,     83.000
                  142.000,    285.000
                    8.000,     35.000
                  183.000,    106.000
                   48.000,    171.000
                  128.000,    149.000
                   56.000,    246.000
                  304.000,     45.000
                  127.000,    267.000
                   12.000,     44.000
