           t           E1           E2           E3           E4
0.000000e+00 2.215129e-02 4.906795e-04 1.170145e+03 7.855737e+01
1.000000e+00 2.157031e-02 4.652783e-04 1.146478e+03 7.698886e+01
2.000000e+00 2.087375e-02 4.357135e-04 1.124082e+03 7.602241e+01
3.000000e+00 2.010279e-02 4.041220e-04 1.102897e+03 7.297008e+01
4.000000e+00 1.929111e-02 3.721467e-04 1.082946e+03 6.990906e+01
5.000000e+00 1.847838e-02 3.414504e-04 1.064714e+03 6.546756e+01
6.000000e+00 1.770795e-02 3.135715e-04 1.048350e+03 6.320914e+01
7.000000e+00 1.698242e-02 2.884025e-04 1.033488e+03 6.006655e+01
8.000000e+00 1.628938e-02 2.653438e-04 1.019914e+03 5.738816e+01
9.000000e+00 1.562414e-02 2.441137e-04 1.007581e+03 5.544317e+01
1.000000e+01 1.499278e-02 2.247835e-04 9.964198e+02 5.362214e+01
1.100000e+01 1.441076e-02 2.076700e-04 9.861500e+02 5.139428e+01
1.200000e+01 1.388642e-02 1.928325e-04 9.762333e+02 4.968586e+01
1.300000e+01 1.341148e-02 1.798678e-04 9.664088e+02 4.803261e+01
1.400000e+01 1.296998e-02 1.682204e-04 9.568675e+02 4.599682e+01
1.500000e+01 1.255172e-02 1.575456e-04 9.480725e+02 4.356573e+01
1.600000e+01 1.215399e-02 1.477195e-04 9.399169e+02 4.155360e+01
1.700000e+01 1.177455e-02 1.386401e-04 9.323813e+02 3.928946e+01
1.800000e+01 1.141195e-02 1.302325e-04 9.253321e+02 3.704710e+01
1.900000e+01 1.106935e-02 1.225306e-04 9.185178e+02 3.495835e+01
2.000000e+01 1.075350e-02 1.156378e-04 9.118399e+02 3.305463e+01
2.100000e+01 1.046771e-02 1.095729e-04 9.052451e+02 3.132563e+01
2.200000e+01 1.020629e-02 1.041683e-04 8.987078e+02 2.975134e+01
2.300000e+01 9.959551e-03 9.919265e-05 8.923060e+02 2.831240e+01
2.400000e+01 9.719544e-03 9.446953e-05 8.860388e+02 2.699214e+01
2.500000e+01 9.480871e-03 8.988691e-05 8.798300e+02 2.577648e+01
2.600000e+01 9.241646e-03 8.540802e-05 8.736021e+02 2.465344e+01
2.700000e+01 9.003842e-03 8.106916e-05 8.672119e+02 2.361284e+01
2.800000e+01 8.773716e-03 7.697809e-05 8.605677e+02 2.264592e+01
2.900000e+01 8.558875e-03 7.325434e-05 8.535084e+02 2.174512e+01
3.000000e+01 8.364919e-03 6.997187e-05 8.460601e+02 2.090388e+01
3.100000e+01 8.194213e-03 6.714512e-05 8.383912e+02 2.011649e+01
3.200000e+01 8.046116e-03 6.473999e-05 8.307076e+02 1.937793e+01
3.300000e+01 7.916757e-03 6.267504e-05 8.231131e+02 1.868381e+01
3.400000e+01 7.801103e-03 6.085721e-05 8.157284e+02 1.803022e+01
3.500000e+01 7.696380e-03 5.923427e-05 8.084904e+02 1.741371e+01
3.600000e+01 7.598837e-03 5.774232e-05 8.013429e+02 1.683123e+01
3.700000e+01 7.503010e-03 5.629516e-05 7.942408e+02 1.628002e+01
3.800000e+01 7.407497e-03 5.487101e-05 7.871705e+02 1.575763e+01
3.900000e+01 7.310914e-03 5.344947e-05 7.800681e+02 1.526187e+01
4.000000e+01 7.210075e-03 5.198518e-05 7.728750e+02 1.479074e+01
4.100000e+01 7.103755e-03 5.046334e-05 7.656072e+02 1.434246e+01
4.200000e+01 6.994717e-03 4.892606e-05 7.583222e+02 1.391540e+01
4.300000e+01 6.888319e-03 4.744894e-05 7.510931e+02 1.350809e+01
4.400000e+01 6.788521e-03 4.608402e-05 7.439987e+02 1.311919e+01
4.500000e+01 6.694177e-03 4.481200e-05 7.369863e+02 1.274748e+01
4.600000e+01 6.602754e-03 4.359636e-05 7.300629e+02 1.239184e+01
4.700000e+01 6.512006e-03 4.240622e-05 7.232327e+02 1.205126e+01
4.800000e+01 6.421302e-03 4.123311e-05 7.164774e+02 1.190740e+01
4.900000e+01 6.330450e-03 4.007460e-05 7.097888e+02 1.262879e+01
5.000000e+01 6.237252e-03 3.890331e-05 7.031683e+02 1.296365e+01
5.100000e+01 6.140490e-03 3.770561e-05 6.966273e+02 1.312748e+01
5.200000e+01 6.041550e-03 3.650033e-05 6.901730e+02 1.317399e+01
5.300000e+01 5.943686e-03 3.532741e-05 6.837944e+02 1.306135e+01
5.400000e+01 5.850108e-03 3.422377e-05 6.774736e+02 1.282885e+01
5.500000e+01 5.762651e-03 3.320814e-05 6.712111e+02 1.253571e+01
5.600000e+01 5.683208e-03 3.229885e-05 6.650719e+02 1.221822e+01
5.700000e+01 5.613166e-03 3.150764e-05 6.590766e+02 1.189760e+01
5.800000e+01 5.554078e-03 3.084778e-05 6.532236e+02 1.158320e+01
5.900000e+01 5.505776e-03 3.031357e-05 6.475024e+02 1.127804e+01
6.000000e+01 5.466065e-03 2.987787e-05 6.418822e+02 1.098267e+01
6.100000e+01 5.433092e-03 2.951849e-05 6.362856e+02 1.069689e+01
6.200000e+01 5.405005e-03 2.921408e-05 6.307260e+02 1.042027e+01
6.300000e+01 5.379537e-03 2.893942e-05 6.251957e+02 1.015241e+01
6.400000e+01 5.354812e-03 2.867401e-05 6.195519e+02 9.892876e+00
6.500000e+01 5.330247e-03 2.841154e-05 6.137482e+02 9.641302e+00
6.600000e+01 5.306942e-03 2.816364e-05 6.078801e+02 9.397323e+00
6.700000e+01 5.286349e-03 2.794549e-05 6.020860e+02 9.160600e+00
6.800000e+01 5.269641e-03 2.776912e-05 5.964561e+02 8.930815e+00
6.900000e+01 5.255740e-03 2.762280e-05 5.909674e+02 8.707666e+00
7.000000e+01 5.243675e-03 2.749613e-05 5.856540e+02 8.490871e+00
7.100000e+01 5.232503e-03 2.737908e-05 5.804913e+02 8.280161e+00
7.200000e+01 5.221782e-03 2.726701e-05 5.754459e+02 8.075285e+00
7.300000e+01 5.210467e-03 2.714897e-05 5.704596e+02 7.876003e+00
7.400000e+01 5.198826e-03 2.702780e-05 5.655226e+02 7.682089e+00
7.500000e+01 5.187361e-03 2.690871e-05 5.606306e+02 7.576156e+00
7.600000e+01 5.176336e-03 2.679445e-05 5.557535e+02 7.609829e+00
7.700000e+01 5.166635e-03 2.669412e-05 5.508596e+02 7.703702e+00
7.800000e+01 5.158230e-03 2.660733e-05 5.459146e+02 7.737936e+00
7.900000e+01 5.150551e-03 2.652818e-05 5.409110e+02 7.704299e+00
8.000000e+01 5.143042e-03 2.645088e-05 5.358567e+02 7.630398e+00
8.100000e+01 5.135439e-03 2.637273e-05 5.307216e+02 7.644638e+00
8.200000e+01 5.126534e-03 2.628135e-05 5.254901e+02 7.784197e+00
8.300000e+01 5.115385e-03 2.616716e-05 5.201772e+02 8.104745e+00
8.400000e+01 5.101503e-03 2.602533e-05 5.148359e+02 8.353085e+00
8.500000e+01 5.084845e-03 2.585565e-05 5.094879e+02 8.715859e+00
8.600000e+01 5.065426e-03 2.565854e-05 5.041716e+02 8.916343e+00
8.700000e+01 5.042538e-03 2.542719e-05 4.989279e+02 9.034821e+00
8.800000e+01 5.016147e-03 2.516173e-05 4.937770e+02 9.173107e+00
8.900000e+01 4.986803e-03 2.486820e-05 4.887325e+02 9.269017e+00
9.000000e+01 4.954425e-03 2.454633e-05 4.838211e+02 9.262279e+00
9.100000e+01 4.919396e-03 2.420045e-05 4.790725e+02 9.207319e+00
9.200000e+01 4.882033e-03 2.383425e-05 4.745295e+02 9.084342e+00
9.300000e+01 4.843222e-03 2.345680e-05 4.702055e+02 8.948317e+00
9.400000e+01 4.803986e-03 2.307828e-05 4.661290e+02 8.824866e+00
9.500000e+01 4.764685e-03 2.270222e-05 4.622382e+02 8.689454e+00
9.600000e+01 4.725247e-03 2.232796e-05 4.585463e+02 8.543532e+00
9.700000e+01 4.685678e-03 2.195558e-05 4.550608e+02 8.397008e+00
9.800000e+01 4.646529e-03 2.159023e-05 4.517828e+02 8.252712e+00
9.900000e+01 4.608369e-03 2.123707e-05 4.486870e+02 8.111200e+00
1.000000e+02 4.571735e-03 2.090077e-05 4.457989e+02 7.972495e+00
1.010000e+02 4.536841e-03 2.058292e-05 4.431080e+02 7.836529e+00
1.020000e+02 4.503669e-03 2.028303e-05 4.406481e+02 7.703223e+00
1.030000e+02 4.471597e-03 1.999518e-05 4.384506e+02 7.572498e+00
1.040000e+02 4.440219e-03 1.971554e-05 4.364989e+02 7.444282e+00
1.050000e+02 4.409696e-03 1.944542e-05 4.347670e+02 7.318502e+00
1.060000e+02 4.380014e-03 1.918452e-05 4.332398e+02 7.195090e+00
1.070000e+02 4.351104e-03 1.893210e-05 4.319228e+02 7.073980e+00
1.080000e+02 4.322776e-03 1.868639e-05 4.308728e+02 6.955107e+00
1.090000e+02 4.295378e-03 1.845027e-05 4.301167e+02 6.838410e+00
1.100000e+02 4.268780e-03 1.822248e-05 4.296444e+02 6.725139e+00
1.110000e+02 4.242424e-03 1.799816e-05 4.293966e+02 6.614135e+00
1.120000e+02 4.216046e-03 1.777504e-05 4.293083e+02 6.505109e+00
1.130000e+02 4.189239e-03 1.754972e-05 4.293374e+02 6.398009e+00
1.140000e+02 4.162676e-03 1.732787e-05 4.294552e+02 6.292786e+00
1.150000e+02 4.137141e-03 1.711593e-05 4.295886e+02 6.189402e+00
1.160000e+02 4.113771e-03 1.692311e-05 4.297444e+02 6.087838e+00
1.170000e+02 4.094205e-03 1.676251e-05 4.299270e+02 5.988109e+00
1.180000e+02 4.078843e-03 1.663696e-05 4.301326e+02 5.890260e+00
1.190000e+02 4.067732e-03 1.654645e-05 4.303321e+02 5.794347e+00
1.200000e+02 4.059522e-03 1.647972e-05 4.305401e+02 5.700201e+00
1.210000e+02 4.052823e-03 1.642538e-05 4.307216e+02 5.607583e+00
1.220000e+02 4.047301e-03 1.638064e-05 4.308812e+02 5.560556e+00
1.230000e+02 4.042908e-03 1.634510e-05 4.310012e+02 5.590527e+00
1.240000e+02 4.039433e-03 1.631702e-05 4.311008e+02 5.620074e+00
1.250000e+02 4.037195e-03 1.629894e-05 4.311743e+02 5.649235e+00
1.260000e+02 4.036448e-03 1.629291e-05 4.311404e+02 5.677983e+00
1.270000e+02 4.036319e-03 1.629187e-05 4.309827e+02 5.706297e+00
1.280000e+02 4.035118e-03 1.628218e-05 4.307043e+02 5.734176e+00
1.290000e+02 4.031967e-03 1.625676e-05 4.303026e+02 5.761626e+00
1.300000e+02 4.026420e-03 1.621206e-05 4.297779e+02 5.788654e+00
1.310000e+02 4.018320e-03 1.614690e-05 4.291254e+02 5.815269e+00
1.320000e+02 4.009171e-03 1.607345e-05 4.283723e+02 5.848674e+00
1.330000e+02 3.999950e-03 1.599960e-05 4.275471e+02 5.884529e+00
1.340000e+02 3.991012e-03 1.592818e-05 4.266505e+02 5.917287e+00
1.350000e+02 3.982682e-03 1.586176e-05 4.257106e+02 5.940150e+00
1.360000e+02 3.975161e-03 1.580191e-05 4.247769e+02 5.936708e+00
1.370000e+02 3.968226e-03 1.574681e-05 4.238680e+02 5.913632e+00
1.380000e+02 3.961676e-03 1.569488e-05 4.229590e+02 5.850147e+00
1.390000e+02 3.955608e-03 1.564683e-05 4.220792e+02 5.708330e+00
1.400000e+02 3.950262e-03 1.560457e-05 4.211978e+02 5.580548e+00
1.410000e+02 3.945750e-03 1.556894e-05 4.203030e+02 5.535859e+00
1.420000e+02 3.941691e-03 1.553692e-05 4.194224e+02 5.569378e+00
1.430000e+02 3.937743e-03 1.550582e-05 4.185472e+02 5.602428e+00
1.440000e+02 3.933389e-03 1.547155e-05 4.177259e+02 5.635021e+00
1.450000e+02 3.928450e-03 1.543272e-05 4.169667e+02 5.667164e+00
1.460000e+02 3.922987e-03 1.538982e-05 4.162363e+02 5.698868e+00
1.470000e+02 3.917834e-03 1.534942e-05 4.155320e+02 5.730140e+00
1.480000e+02 3.913848e-03 1.531821e-05 4.148457e+02 5.760991e+00
1.490000e+02 3.910870e-03 1.529491e-05 4.142017e+02 5.791428e+00
1.500000e+02 3.908544e-03 1.527672e-05 4.135433e+02 5.821460e+00
1.510000e+02 3.905970e-03 1.525660e-05 4.127963e+02 5.851095e+00
1.520000e+02 3.901933e-03 1.522508e-05 4.119717e+02 5.880340e+00
1.530000e+02 3.895291e-03 1.517329e-05 4.110428e+02 5.909203e+00
1.540000e+02 3.885403e-03 1.509636e-05 4.099785e+02 5.937692e+00
1.550000e+02 3.872374e-03 1.499528e-05 4.087707e+02 5.965814e+00
1.560000e+02 3.856662e-03 1.487384e-05 4.074215e+02 5.993576e+00
1.570000e+02 3.839286e-03 1.474012e-05 4.059308e+02 6.020984e+00
1.580000e+02 3.821423e-03 1.460327e-05 4.043142e+02 6.048046e+00
1.590000e+02 3.803565e-03 1.446711e-05 4.025602e+02 6.074768e+00
1.600000e+02 3.785573e-03 1.433056e-05 4.006708e+02 6.101156e+00
1.610000e+02 3.767548e-03 1.419442e-05 3.986779e+02 6.127217e+00
1.620000e+02 3.749489e-03 1.405867e-05 3.965809e+02 6.152957e+00
1.630000e+02 3.731437e-03 1.392362e-05 3.943953e+02 6.178381e+00
1.640000e+02 3.713635e-03 1.379109e-05 3.921269e+02 6.203495e+00
1.650000e+02 3.696851e-03 1.366670e-05 3.897903e+02 6.228306e+00
1.660000e+02 3.681709e-03 1.355498e-05 3.873889e+02 6.252817e+00
1.670000e+02 3.668517e-03 1.345802e-05 3.849281e+02 6.277036e+00
1.680000e+02 3.656770e-03 1.337197e-05 3.824154e+02 6.300967e+00
1.690000e+02 3.645687e-03 1.329103e-05 3.798280e+02 6.324614e+00
1.700000e+02 3.634210e-03 1.320748e-05 3.771491e+02 6.347984e+00
1.710000e+02 3.621968e-03 1.311865e-05 3.743894e+02 6.371081e+00
1.720000e+02 3.608885e-03 1.302405e-05 3.715491e+02 6.393909e+00
1.730000e+02 3.594858e-03 1.292301e-05 3.686435e+02 6.416474e+00
1.740000e+02 3.580397e-03 1.281925e-05 3.656891e+02 6.438780e+00
1.750000e+02 3.565830e-03 1.271515e-05 3.627014e+02 6.460831e+00
1.760000e+02 3.550755e-03 1.260786e-05 3.596570e+02 6.482627e+00
1.770000e+02 3.535133e-03 1.249716e-05 3.565654e+02 6.504142e+00
1.780000e+02 3.518888e-03 1.238257e-05 3.534337e+02 6.525178e+00
1.790000e+02 3.502140e-03 1.226499e-05 3.502669e+02 6.544727e+00
1.800000e+02 3.484964e-03 1.214498e-05 3.470765e+02 6.558916e+00
1.810000e+02 3.466763e-03 1.201844e-05 3.438708e+02 6.556486e+00
1.820000e+02 3.446809e-03 1.188049e-05 3.406627e+02 6.513198e+00
1.830000e+02 3.424538e-03 1.172746e-05 3.374618e+02 6.392461e+00
1.840000e+02 3.399965e-03 1.155976e-05 3.342718e+02 6.161590e+00
1.850000e+02 3.373766e-03 1.138229e-05 3.310909e+02 5.827259e+00
1.860000e+02 3.346854e-03 1.120143e-05 3.279281e+02 5.529590e+00
1.870000e+02 3.320211e-03 1.102380e-05 3.247869e+02 5.148131e+00
1.880000e+02 3.294493e-03 1.085368e-05 3.216387e+02 4.789531e+00
1.890000e+02 3.270214e-03 1.069430e-05 3.184793e+02 4.802062e+00
1.900000e+02 3.247525e-03 1.054642e-05 3.153125e+02 4.814462e+00
1.910000e+02 3.226603e-03 1.041096e-05 3.121688e+02 4.826732e+00
1.920000e+02 3.207170e-03 1.028594e-05 3.090348e+02 4.838874e+00
1.930000e+02 3.189553e-03 1.017325e-05 3.059236e+02 4.850890e+00
1.940000e+02 3.174076e-03 1.007476e-05 3.028433e+02 4.862783e+00
1.950000e+02 3.160297e-03 9.987477e-06 2.998036e+02 4.874554e+00
1.960000e+02 3.147922e-03 9.909416e-06 2.968125e+02 4.886205e+00
1.970000e+02 3.137186e-03 9.841934e-06 2.938627e+02 4.897738e+00
1.980000e+02 3.128368e-03 9.786687e-06 2.909458e+02 4.909154e+00
1.990000e+02 3.121232e-03 9.742092e-06 2.880578e+02 4.920455e+00
