**************************************************
*            H E D A C   s e a r c h             *
**************************************************
Started on: 2024-11-19 13:54:18.219319

Parameters:
         method: hedac
          x_min:      0.000
          x_max:    193.000
             dx:      1.000
          y_min:      0.000
          y_max:    226.000
             dy:      1.000

          alpha:      1.000
           beta:      0.500
          gamma:      0.100
          kappa:      0.000
             nu:      0.001
        sigma_m:      1.000
        sigma_c:      2.000
       sigma_ac:      0.100
         source:          difsource

         agents:         40
                  159.000,     45.000
                  103.000,    123.000
                  153.000,    195.000
                   81.000,    173.000
                  171.000,    192.000
                  165.000,    122.000
                   47.000,    203.000
                   65.000,    141.000
                  115.000,    186.000
                  162.000,    123.000
                   90.000,     53.000
                   36.000,    197.000
                  153.000,    114.000
                  121.000,     10.000
                  162.000,    132.000
                  177.000,     60.000
                  173.000,     56.000
                   94.000,     56.000
                  160.000,    117.000
                   75.000,    173.000
                   57.000,    143.000
                  139.000,     71.000
                   68.000,    134.000
                   82.000,    116.000
                  118.000,     93.000
                  180.000,     65.000
                   92.000,    143.000
                   96.000,     76.000
                   96.000,     56.000
                  120.000,    181.000
                  160.000,    122.000
                   56.000,    157.000
                   85.000,     57.000
                  119.000,    167.000
                   82.000,    146.000
                   40.000,    210.000
                  148.000,    145.000
                   95.000,     60.000
                  150.000,    194.000
                   55.000,    167.000
