**************************************************
*            H E D A C   s e a r c h             *
**************************************************
Started on: 2024-11-19 17:41:11.013997

Parameters:
         method: hedac
          x_min:      0.000
          x_max:    456.000
             dx:      1.000
          y_min:      0.000
          y_max:    478.000
             dy:      1.000

          alpha:      1.000
           beta:      0.500
          gamma:      0.100
          kappa:      0.000
             nu:      0.001
        sigma_m:      1.000
        sigma_c:      2.000
       sigma_ac:      0.100
         source:          difsource

         agents:         40
                  200.000,    195.000
                   56.000,    204.000
                   89.000,    247.000
                  150.000,    101.000
                   98.000,    231.000
                  171.000,    276.000
                  197.000,      9.000
                   51.000,    220.000
                  265.000,    299.000
                  336.000,     80.000
                  423.000,    151.000
                  262.000,     41.000
                   61.000,    206.000
                  344.000,     82.000
                  129.000,     42.000
                  203.000,    105.000
                  155.000,     48.000
                  174.000,    182.000
                  264.000,    268.000
                  159.000,    173.000
                  162.000,    392.000
                  173.000,    104.000
                   25.000,     46.000
                  137.000,    162.000
                   67.000,     98.000
                  169.000,     49.000
                  201.000,    212.000
                   38.000,     25.000
                   68.000,    157.000
                   65.000,    105.000
                   42.000,     63.000
                   50.000,     61.000
                   53.000,     35.000
                   66.000,     86.000
                  151.000,    239.000
                  172.000,    251.000
                  115.000,    251.000
                  177.000,    286.000
                  361.000,    123.000
                   13.000,     39.000
