**************************************************
*            H E D A C   s e a r c h             *
**************************************************
Started on: 2024-11-05 16:09:39.851451

Parameters:
         method: hedac
          x_min:      0.000
          x_max:    226.000
             dx:      1.000
          y_min:      0.000
          y_max:    315.000
             dy:      1.000

          alpha:      1.000
           beta:      0.500
          gamma:      0.100
          kappa:      0.000
             nu:      0.001
        sigma_m:      1.000
        sigma_c:      2.000
       sigma_ac:      0.100
         source:          difsource

         agents:         40
                   46.000,    204.000
                  174.000,     90.000
                   28.000,    206.000
                  100.000,    224.000
                  106.000,    195.000
                  142.000,    128.000
                  174.000,    112.000
                   57.000,    223.000
                  178.000,    112.000
                   63.000,    218.000
                   82.000,    188.000
                   32.000,    214.000
                  100.000,    231.000
                   28.000,    217.000
                   27.000,    213.000
                  178.000,    117.000
                  150.000,     50.000
                  177.000,    129.000
                   22.000,    219.000
                  104.000,    262.000
                  172.000,    106.000
                   31.000,    207.000
                   59.000,    246.000
                  150.000,     26.000
                   76.000,    296.000
                  167.000,    140.000
                   45.000,    223.000
                   67.000,    302.000
                   19.000,    222.000
                  119.000,    253.000
                  170.000,     83.000
                   42.000,    221.000
                   87.000,    186.000
                  104.000,    193.000
                  151.000,    201.000
                   92.000,    289.000
                  102.000,    201.000
                   98.000,    290.000
                  133.000,    243.000
                  157.000,    102.000
