**************************************************
*            H E D A C   s e a r c h             *
**************************************************
Started on: 2024-11-19 13:48:55.162193

Parameters:
         method: hedac
          x_min:      0.000
          x_max:    193.000
             dx:      1.000
          y_min:      0.000
          y_max:    226.000
             dy:      1.000

          alpha:      1.000
           beta:      0.500
          gamma:      0.100
          kappa:      0.000
             nu:      0.001
        sigma_m:      1.000
        sigma_c:      2.000
       sigma_ac:      0.100
         source:          difsource

         agents:         40
                  176.000,     60.000
                   86.000,    178.000
                  143.000,    156.000
                  167.000,    115.000
                   65.000,    176.000
                  140.000,    127.000
                   95.000,    144.000
                  171.000,     52.000
                   45.000,    204.000
                  110.000,    185.000
                   57.000,    216.000
                  136.000,     95.000
                   22.000,    198.000
                   96.000,     58.000
                  149.000,    199.000
                   75.000,    140.000
                   29.000,    191.000
                   58.000,    178.000
                  140.000,    141.000
                  169.000,    107.000
                   52.000,    190.000
                   96.000,     94.000
                   96.000,    144.000
                  117.000,    193.000
                  121.000,      5.000
                  140.000,     77.000
                  167.000,    191.000
                  109.000,     62.000
                  148.000,    154.000
                  179.000,    197.000
                  112.000,    190.000
                   49.000,    213.000
                  134.000,     21.000
                  125.000,    166.000
                   62.000,    169.000
                   63.000,    189.000
                   86.000,    137.000
                  166.000,     99.000
                  154.000,     41.000
                  149.000,     60.000
