           t           E1           E2           E3           E4
0.000000e+00 2.187438e-02 4.784885e-04 1.102738e+03 6.537903e+01
1.000000e+00 2.134051e-02 4.554173e-04 1.088832e+03 5.708306e+01
2.000000e+00 2.063776e-02 4.259172e-04 1.075050e+03 5.079734e+01
3.000000e+00 1.980579e-02 3.922692e-04 1.061455e+03 5.286834e+01
4.000000e+00 1.889345e-02 3.569624e-04 1.047891e+03 5.319479e+01
5.000000e+00 1.794944e-02 3.221825e-04 1.034340e+03 5.124453e+01
6.000000e+00 1.702922e-02 2.899944e-04 1.020514e+03 4.821680e+01
7.000000e+00 1.616920e-02 2.614430e-04 1.006211e+03 4.553402e+01
8.000000e+00 1.536166e-02 2.359806e-04 9.916314e+02 4.146127e+01
9.000000e+00 1.459573e-02 2.130355e-04 9.770444e+02 3.728692e+01
1.000000e+01 1.386873e-02 1.923418e-04 9.627269e+02 3.381800e+01
1.100000e+01 1.317891e-02 1.736837e-04 9.488507e+02 3.158571e+01
1.200000e+01 1.252468e-02 1.568676e-04 9.355545e+02 2.922470e+01
1.300000e+01 1.190815e-02 1.418040e-04 9.229132e+02 2.703748e+01
1.400000e+01 1.134103e-02 1.286189e-04 9.111214e+02 2.510996e+01
1.500000e+01 1.083037e-02 1.172969e-04 9.002459e+02 2.338684e+01
1.600000e+01 1.037906e-02 1.077248e-04 8.902814e+02 2.188699e+01
1.700000e+01 9.991600e-03 9.983206e-05 8.813789e+02 2.056549e+01
1.800000e+01 9.665499e-03 9.342186e-05 8.736724e+02 1.938948e+01
1.900000e+01 9.385019e-03 8.807858e-05 8.670091e+02 1.833710e+01
2.000000e+01 9.131412e-03 8.338269e-05 8.611841e+02 1.739050e+01
2.100000e+01 8.893711e-03 7.909809e-05 8.559771e+02 1.653448e+01
2.200000e+01 8.667055e-03 7.511784e-05 8.509085e+02 1.575366e+01
2.300000e+01 8.452800e-03 7.144982e-05 8.459475e+02 1.503770e+01
2.400000e+01 8.255348e-03 6.815076e-05 8.413521e+02 1.437978e+01
2.500000e+01 8.077922e-03 6.525282e-05 8.372049e+02 1.377375e+01
2.600000e+01 7.920254e-03 6.273042e-05 8.334895e+02 1.321422e+01
2.700000e+01 7.778107e-03 6.049894e-05 8.302178e+02 1.273493e+01
2.800000e+01 7.644628e-03 5.844033e-05 8.274163e+02 1.224045e+01
2.900000e+01 7.515475e-03 5.648237e-05 8.250857e+02 1.176498e+01
3.000000e+01 7.390656e-03 5.462180e-05 8.231479e+02 1.134545e+01
3.100000e+01 7.275861e-03 5.293816e-05 8.214617e+02 1.095279e+01
3.200000e+01 7.171968e-03 5.143713e-05 8.199765e+02 1.058449e+01
3.300000e+01 7.079480e-03 5.011904e-05 8.187370e+02 1.140394e+01
3.400000e+01 6.999291e-03 4.899007e-05 8.177713e+02 1.207899e+01
3.500000e+01 6.928669e-03 4.800645e-05 8.171499e+02 1.283545e+01
3.600000e+01 6.863663e-03 4.710987e-05 8.168480e+02 1.365278e+01
3.700000e+01 6.804332e-03 4.629894e-05 8.167333e+02 1.450249e+01
3.800000e+01 6.753797e-03 4.561378e-05 8.165937e+02 1.520440e+01
3.900000e+01 6.712226e-03 4.505398e-05 8.162875e+02 1.572876e+01
4.000000e+01 6.677001e-03 4.458234e-05 8.157608e+02 1.608508e+01
4.100000e+01 6.646091e-03 4.417053e-05 8.149993e+02 1.611021e+01
4.200000e+01 6.619269e-03 4.381473e-05 8.140337e+02 1.598679e+01
4.300000e+01 6.596244e-03 4.351044e-05 8.129246e+02 1.580124e+01
4.400000e+01 6.575576e-03 4.323820e-05 8.117428e+02 1.546631e+01
4.500000e+01 6.555518e-03 4.297482e-05 8.105260e+02 1.507922e+01
4.600000e+01 6.534239e-03 4.269628e-05 8.092864e+02 1.468756e+01
4.700000e+01 6.510559e-03 4.238738e-05 8.080154e+02 1.430687e+01
4.800000e+01 6.484507e-03 4.204883e-05 8.067049e+02 1.394082e+01
4.900000e+01 6.458351e-03 4.171029e-05 8.053109e+02 1.358946e+01
5.000000e+01 6.434556e-03 4.140351e-05 8.038296e+02 1.325207e+01
5.100000e+01 6.412751e-03 4.112338e-05 8.022190e+02 1.292786e+01
5.200000e+01 6.391817e-03 4.085533e-05 8.004751e+02 1.261607e+01
5.300000e+01 6.372347e-03 4.060681e-05 7.986445e+02 1.231605e+01
5.400000e+01 6.354935e-03 4.038520e-05 7.966941e+02 1.202726e+01
5.500000e+01 6.338483e-03 4.017637e-05 7.946885e+02 1.174927e+01
5.600000e+01 6.320924e-03 3.995408e-05 7.927327e+02 1.148182e+01
5.700000e+01 6.300759e-03 3.969956e-05 7.908789e+02 1.122463e+01
5.800000e+01 6.276707e-03 3.939706e-05 7.890362e+02 1.097660e+01
5.900000e+01 6.248028e-03 3.903785e-05 7.870182e+02 1.073620e+01
6.000000e+01 6.214410e-03 3.861889e-05 7.847814e+02 1.050291e+01
6.100000e+01 6.175769e-03 3.814013e-05 7.823943e+02 1.027674e+01
6.200000e+01 6.132319e-03 3.760534e-05 7.798929e+02 1.022053e+01
6.300000e+01 6.084874e-03 3.702570e-05 7.772940e+02 1.100562e+01
6.400000e+01 6.034790e-03 3.641869e-05 7.746713e+02 1.155006e+01
6.500000e+01 5.982904e-03 3.579514e-05 7.720478e+02 1.183269e+01
6.600000e+01 5.929476e-03 3.515869e-05 7.694310e+02 1.188608e+01
6.700000e+01 5.874587e-03 3.451077e-05 7.668410e+02 1.198799e+01
6.800000e+01 5.818281e-03 3.385239e-05 7.643212e+02 1.194578e+01
6.900000e+01 5.760148e-03 3.317931e-05 7.619009e+02 1.179173e+01
7.000000e+01 5.700132e-03 3.249151e-05 7.595999e+02 1.158936e+01
7.100000e+01 5.638451e-03 3.179213e-05 7.574148e+02 1.137365e+01
7.200000e+01 5.576159e-03 3.109355e-05 7.553336e+02 1.115853e+01
7.300000e+01 5.515016e-03 3.041540e-05 7.533641e+02 1.094808e+01
7.400000e+01 5.456662e-03 2.977516e-05 7.515141e+02 1.074309e+01
7.500000e+01 5.402549e-03 2.918753e-05 7.497934e+02 1.054358e+01
7.600000e+01 5.350527e-03 2.862814e-05 7.481988e+02 1.034970e+01
7.700000e+01 5.298816e-03 2.807745e-05 7.467393e+02 1.016265e+01
7.800000e+01 5.246038e-03 2.752092e-05 7.453115e+02 9.986414e+00
7.900000e+01 5.190916e-03 2.694560e-05 7.438816e+02 9.830246e+00
8.000000e+01 5.132526e-03 2.634283e-05 7.424117e+02 9.707822e+00
8.100000e+01 5.070802e-03 2.571303e-05 7.408444e+02 9.630554e+00
8.200000e+01 5.006287e-03 2.506290e-05 7.391463e+02 9.624530e+00
8.300000e+01 4.940374e-03 2.440729e-05 7.373347e+02 9.707616e+00
8.400000e+01 4.875555e-03 2.377104e-05 7.354324e+02 9.710500e+00
8.500000e+01 4.813323e-03 2.316808e-05 7.334384e+02 9.693424e+00
8.600000e+01 4.753914e-03 2.259970e-05 7.313516e+02 9.624771e+00
8.700000e+01 4.697106e-03 2.206280e-05 7.291630e+02 9.514327e+00
8.800000e+01 4.642165e-03 2.154969e-05 7.269400e+02 9.378812e+00
8.900000e+01 4.587938e-03 2.104918e-05 7.247376e+02 9.231135e+00
9.000000e+01 4.533763e-03 2.055501e-05 7.225463e+02 9.080064e+00
9.100000e+01 4.479742e-03 2.006809e-05 7.203372e+02 8.929758e+00
9.200000e+01 4.427080e-03 1.959904e-05 7.180658e+02 8.781811e+00
9.300000e+01 4.377895e-03 1.916596e-05 7.157422e+02 8.636730e+00
9.400000e+01 4.333786e-03 1.878170e-05 7.134195e+02 8.494602e+00
9.500000e+01 4.294983e-03 1.844688e-05 7.111142e+02 8.355418e+00
9.600000e+01 4.260782e-03 1.815426e-05 7.088222e+02 8.219120e+00
9.700000e+01 4.229451e-03 1.788826e-05 7.065294e+02 8.085627e+00
9.800000e+01 4.199011e-03 1.763170e-05 7.042294e+02 7.954852e+00
9.900000e+01 4.168340e-03 1.737506e-05 7.018781e+02 7.826715e+00
1.000000e+02 4.136688e-03 1.711219e-05 6.994309e+02 7.701136e+00
1.010000e+02 4.103662e-03 1.684004e-05 6.968890e+02 7.578038e+00
1.020000e+02 4.069510e-03 1.656091e-05 6.942663e+02 7.457350e+00
1.030000e+02 4.035354e-03 1.628408e-05 6.915800e+02 7.339002e+00
1.040000e+02 4.002372e-03 1.601898e-05 6.888491e+02 7.222925e+00
1.050000e+02 3.971268e-03 1.577097e-05 6.861078e+02 7.109055e+00
1.060000e+02 3.942517e-03 1.554344e-05 6.834127e+02 6.997330e+00
1.070000e+02 3.916331e-03 1.533764e-05 6.808021e+02 6.887690e+00
1.080000e+02 3.892967e-03 1.515519e-05 6.782388e+02 6.780076e+00
1.090000e+02 3.872486e-03 1.499615e-05 6.757082e+02 6.674434e+00
1.100000e+02 3.854945e-03 1.486060e-05 6.732008e+02 6.570709e+00
1.110000e+02 3.840259e-03 1.474759e-05 6.707066e+02 6.468850e+00
1.120000e+02 3.827885e-03 1.465270e-05 6.681744e+02 6.368807e+00
1.130000e+02 3.816768e-03 1.456772e-05 6.655512e+02 6.270531e+00
1.140000e+02 3.804764e-03 1.447623e-05 6.628232e+02 6.173977e+00
1.150000e+02 3.791073e-03 1.437224e-05 6.599630e+02 6.168328e+00
1.160000e+02 3.776421e-03 1.426135e-05 6.569609e+02 6.113896e+00
1.170000e+02 3.761381e-03 1.414799e-05 6.537834e+02 5.984286e+00
1.180000e+02 3.746073e-03 1.403307e-05 6.503920e+02 5.911728e+00
1.190000e+02 3.730266e-03 1.391488e-05 6.467587e+02 5.837908e+00
1.200000e+02 3.713656e-03 1.379124e-05 6.428732e+02 5.764540e+00
1.210000e+02 3.696433e-03 1.366362e-05 6.387556e+02 5.692254e+00
1.220000e+02 3.679177e-03 1.353635e-05 6.344782e+02 5.621133e+00
1.230000e+02 3.661840e-03 1.340907e-05 6.299792e+02 5.551160e+00
1.240000e+02 3.644235e-03 1.328045e-05 6.252538e+02 5.482311e+00
1.250000e+02 3.626621e-03 1.315238e-05 6.202830e+02 5.414563e+00
1.260000e+02 3.609156e-03 1.302601e-05 6.150358e+02 5.347888e+00
1.270000e+02 3.591611e-03 1.289967e-05 6.095558e+02 5.282261e+00
1.280000e+02 3.573567e-03 1.277038e-05 6.038523e+02 5.217658e+00
1.290000e+02 3.554062e-03 1.263136e-05 5.979511e+02 5.154056e+00
1.300000e+02 3.531951e-03 1.247467e-05 5.919112e+02 5.091430e+00
1.310000e+02 3.506524e-03 1.229571e-05 5.857606e+02 5.029760e+00
1.320000e+02 3.477623e-03 1.209386e-05 5.795141e+02 4.969022e+00
1.330000e+02 3.445888e-03 1.187414e-05 5.731849e+02 4.991827e+00
1.340000e+02 3.412423e-03 1.164463e-05 5.668048e+02 5.016230e+00
1.350000e+02 3.378305e-03 1.141294e-05 5.603739e+02 5.040272e+00
1.360000e+02 3.344716e-03 1.118713e-05 5.539073e+02 5.063959e+00
1.370000e+02 3.312778e-03 1.097450e-05 5.474754e+02 5.087291e+00
1.380000e+02 3.283575e-03 1.078186e-05 5.410668e+02 5.110207e+00
1.390000e+02 3.257099e-03 1.060869e-05 5.347087e+02 5.132326e+00
1.400000e+02 3.232382e-03 1.044830e-05 5.284247e+02 5.151982e+00
1.410000e+02 3.208387e-03 1.029375e-05 5.222293e+02 5.163705e+00
1.420000e+02 3.184583e-03 1.014157e-05 5.160926e+02 5.153846e+00
1.430000e+02 3.160917e-03 9.991399e-06 5.100274e+02 5.097274e+00
1.440000e+02 3.137254e-03 9.842365e-06 5.040653e+02 4.960991e+00
1.450000e+02 3.112995e-03 9.690736e-06 4.982162e+02 4.787269e+00
1.460000e+02 3.087941e-03 9.535378e-06 4.924956e+02 4.470182e+00
1.470000e+02 3.062397e-03 9.378277e-06 4.869019e+02 4.423517e+00
1.480000e+02 3.036876e-03 9.222617e-06 4.814149e+02 4.335433e+00
1.490000e+02 3.012213e-03 9.073427e-06 4.760433e+02 4.239656e+00
1.500000e+02 2.989045e-03 8.934390e-06 4.707930e+02 4.109653e+00
1.510000e+02 2.967339e-03 8.805100e-06 4.656562e+02 3.979587e+00
1.520000e+02 2.946855e-03 8.683957e-06 4.606140e+02 3.933733e+00
1.530000e+02 2.927581e-03 8.570731e-06 4.556857e+02 3.888480e+00
1.540000e+02 2.910042e-03 8.468344e-06 4.508749e+02 3.862909e+00
1.550000e+02 2.893716e-03 8.373592e-06 4.461256e+02 3.877012e+00
1.560000e+02 2.878570e-03 8.286164e-06 4.414323e+02 3.890934e+00
1.570000e+02 2.864390e-03 8.204730e-06 4.367997e+02 3.904678e+00
1.580000e+02 2.850848e-03 8.127332e-06 4.322106e+02 3.920541e+00
1.590000e+02 2.838103e-03 8.054827e-06 4.276267e+02 3.936563e+00
1.600000e+02 2.826695e-03 7.990202e-06 4.230177e+02 3.968738e+00
1.610000e+02 2.816944e-03 7.935175e-06 4.183747e+02 3.987494e+00
1.620000e+02 2.809172e-03 7.891449e-06 4.137259e+02 3.984523e+00
1.630000e+02 2.803653e-03 7.860471e-06 4.091139e+02 3.996681e+00
1.640000e+02 2.800080e-03 7.840446e-06 4.045733e+02 4.037014e+00
1.650000e+02 2.797144e-03 7.824012e-06 4.001295e+02 4.112717e+00
1.660000e+02 2.793716e-03 7.804851e-06 3.957911e+02 4.128577e+00
1.670000e+02 2.789240e-03 7.779862e-06 3.915601e+02 4.145362e+00
1.680000e+02 2.783283e-03 7.746666e-06 3.874229e+02 4.132303e+00
1.690000e+02 2.776310e-03 7.707895e-06 3.833895e+02 4.094398e+00
1.700000e+02 2.769249e-03 7.668740e-06 3.794439e+02 4.047492e+00
1.710000e+02 2.762649e-03 7.632228e-06 3.755531e+02 4.195743e+00
1.720000e+02 2.756635e-03 7.599034e-06 3.717309e+02 4.413033e+00
1.730000e+02 2.751116e-03 7.568641e-06 3.679812e+02 4.629777e+00
1.740000e+02 2.745803e-03 7.539432e-06 3.642817e+02 4.805196e+00
1.750000e+02 2.740326e-03 7.509389e-06 3.606158e+02 4.905757e+00
1.760000e+02 2.734396e-03 7.476922e-06 3.569875e+02 4.932109e+00
1.770000e+02 2.728039e-03 7.442194e-06 3.534068e+02 4.934989e+00
1.780000e+02 2.721383e-03 7.405925e-06 3.498208e+02 4.921597e+00
1.790000e+02 2.714623e-03 7.369178e-06 3.462452e+02 4.881957e+00
1.800000e+02 2.708158e-03 7.334122e-06 3.426953e+02 4.831267e+00
1.810000e+02 2.702365e-03 7.302779e-06 3.391738e+02 4.777238e+00
1.820000e+02 2.697207e-03 7.274925e-06 3.356977e+02 4.722748e+00
1.830000e+02 2.692231e-03 7.248105e-06 3.322548e+02 4.668488e+00
1.840000e+02 2.686838e-03 7.219101e-06 3.288349e+02 4.614604e+00
1.850000e+02 2.680347e-03 7.184259e-06 3.254311e+02 4.566371e+00
1.860000e+02 2.672167e-03 7.140477e-06 3.220394e+02 4.627600e+00
1.870000e+02 2.661951e-03 7.085981e-06 3.186675e+02 4.673418e+00
1.880000e+02 2.649565e-03 7.020195e-06 3.153236e+02 4.685313e+00
1.890000e+02 2.635274e-03 6.944671e-06 3.119893e+02 4.659425e+00
1.900000e+02 2.619763e-03 6.863158e-06 3.086651e+02 4.616793e+00
1.910000e+02 2.604073e-03 6.781197e-06 3.053297e+02 4.568831e+00
1.920000e+02 2.589032e-03 6.703086e-06 3.019552e+02 4.519909e+00
1.930000e+02 2.575242e-03 6.631870e-06 2.985441e+02 4.471182e+00
1.940000e+02 2.563196e-03 6.569975e-06 2.951319e+02 4.422889e+00
1.950000e+02 2.552970e-03 6.517656e-06 2.917325e+02 4.375074e+00
1.960000e+02 2.543985e-03 6.471861e-06 2.883389e+02 4.327742e+00
1.970000e+02 2.535528e-03 6.428902e-06 2.849521e+02 4.280891e+00
1.980000e+02 2.526826e-03 6.384851e-06 2.815880e+02 4.234512e+00
1.990000e+02 2.517439e-03 6.337497e-06 2.782720e+02 4.188599e+00
