**************************************************
*            H E D A C   s e a r c h             *
**************************************************
Started on: 2024-11-19 14:54:06.169173

Parameters:
         method: hedac
          x_min:      0.000
          x_max:    149.000
             dx:      1.000
          y_min:      0.000
          y_max:    307.000
             dy:      1.000

          alpha:      1.000
           beta:      0.500
          gamma:      0.100
          kappa:      0.000
             nu:      0.001
        sigma_m:      1.000
        sigma_c:      2.000
       sigma_ac:      0.100
         source:          difsource

         agents:         40
                   79.000,    171.000
                   45.000,    145.000
                   45.000,    132.000
                   86.000,    284.000
                  115.000,    266.000
                   68.000,     99.000
                   61.000,     41.000
                   35.000,    157.000
                   41.000,    168.000
                   46.000,    230.000
                   73.000,    102.000
                  108.000,     83.000
                  115.000,     88.000
                   44.000,    120.000
                   68.000,    291.000
                   51.000,    222.000
                   93.000,     39.000
                   67.000,     62.000
                   80.000,    130.000
                   35.000,    169.000
                   87.000,     24.000
                   53.000,    195.000
                  119.000,     74.000
                   74.000,     20.000
                   84.000,    258.000
                  103.000,     74.000
                  118.000,    236.000
                   91.000,     46.000
                   74.000,    248.000
                   90.000,    108.000
                   88.000,    100.000
                   95.000,    265.000
                  100.000,     90.000
                  111.000,    264.000
                   84.000,    286.000
                   62.000,     73.000
                   74.000,    251.000
                   69.000,     67.000
                   74.000,     62.000
                   53.000,    216.000
