**************************************************
*            H E D A C   s e a r c h             *
**************************************************
Started on: 2024-11-19 13:54:41.008645

Parameters:
         method: hedac
          x_min:      0.000
          x_max:    193.000
             dx:      1.000
          y_min:      0.000
          y_max:    226.000
             dy:      1.000

          alpha:      1.000
           beta:      0.500
          gamma:      0.100
          kappa:      0.000
             nu:      0.001
        sigma_m:      1.000
        sigma_c:      2.000
       sigma_ac:      0.100
         source:          difsource

         agents:         40
                   47.000,    192.000
                   53.000,    172.000
                  168.000,    104.000
                  137.000,    194.000
                  109.000,    162.000
                  176.000,    103.000
                  145.000,    102.000
                  147.000,    194.000
                  104.000,    124.000
                  160.000,    126.000
                   87.000,     86.000
                   34.000,    205.000
                  102.000,     74.000
                   81.000,    172.000
                  110.000,    193.000
                  121.000,    165.000
                   62.000,    133.000
                  117.000,    163.000
                   93.000,    143.000
                  118.000,    198.000
                   71.000,    191.000
                   50.000,    138.000
                   63.000,    183.000
                  104.000,    121.000
                   86.000,    138.000
                   23.000,    203.000
                   85.000,    138.000
                   53.000,    204.000
                  144.000,    152.000
                  161.000,    121.000
                  149.000,    131.000
                   38.000,    203.000
                  159.000,    124.000
                  146.000,    140.000
                  124.000,     16.000
                   90.000,     86.000
                  154.000,    172.000
                  148.000,     55.000
                  120.000,      6.000
                   21.000,    206.000
