           t           E1           E2           E3           E4
0.000000e+00 2.182628e-02 4.763867e-04 2.800932e+03 1.202921e+02
1.000000e+00 2.138698e-02 4.574028e-04 2.766920e+03 1.146804e+02
2.000000e+00 2.076415e-02 4.311499e-04 2.733884e+03 1.109592e+02
3.000000e+00 1.999843e-02 3.999371e-04 2.702506e+03 1.058815e+02
4.000000e+00 1.913932e-02 3.663136e-04 2.673338e+03 9.935110e+01
5.000000e+00 1.823455e-02 3.324990e-04 2.646065e+03 9.116831e+01
6.000000e+00 1.731881e-02 2.999413e-04 2.620011e+03 8.066573e+01
7.000000e+00 1.641791e-02 2.695479e-04 2.594744e+03 7.351283e+01
8.000000e+00 1.556705e-02 2.423330e-04 2.569940e+03 6.584538e+01
9.000000e+00 1.478022e-02 2.184549e-04 2.545750e+03 5.935070e+01
1.000000e+01 1.405609e-02 1.975738e-04 2.522471e+03 5.347420e+01
1.100000e+01 1.339242e-02 1.793570e-04 2.500388e+03 4.830017e+01
1.200000e+01 1.279328e-02 1.636679e-04 2.478988e+03 4.387580e+01
1.300000e+01 1.226493e-02 1.504286e-04 2.458104e+03 4.009798e+01
1.400000e+01 1.180405e-02 1.393355e-04 2.437861e+03 3.684660e+01
1.500000e+01 1.139926e-02 1.299430e-04 2.417765e+03 3.486139e+01
1.600000e+01 1.103458e-02 1.217620e-04 2.396990e+03 3.641489e+01
1.700000e+01 1.069412e-02 1.143641e-04 2.375089e+03 3.696862e+01
1.800000e+01 1.036763e-02 1.074879e-04 2.352117e+03 3.633879e+01
1.900000e+01 1.005151e-02 1.010329e-04 2.328406e+03 3.487961e+01
2.000000e+01 9.745853e-03 9.498165e-05 2.304279e+03 3.306705e+01
2.100000e+01 9.451923e-03 8.933885e-05 2.279850e+03 3.122808e+01
2.200000e+01 9.176076e-03 8.420036e-05 2.255079e+03 2.959556e+01
2.300000e+01 8.922921e-03 7.961852e-05 2.230253e+03 2.849538e+01
2.400000e+01 8.695444e-03 7.561074e-05 2.205837e+03 2.858148e+01
2.500000e+01 8.493853e-03 7.214554e-05 2.182319e+03 2.942260e+01
2.600000e+01 8.312496e-03 6.909759e-05 2.160197e+03 3.060293e+01
2.700000e+01 8.141299e-03 6.628075e-05 2.139512e+03 3.152178e+01
2.800000e+01 7.972160e-03 6.355533e-05 2.119987e+03 3.175443e+01
2.900000e+01 7.802365e-03 6.087690e-05 2.101385e+03 3.127846e+01
3.000000e+01 7.635780e-03 5.830513e-05 2.083592e+03 3.065615e+01
3.100000e+01 7.478584e-03 5.592922e-05 2.066328e+03 2.979508e+01
3.200000e+01 7.334166e-03 5.378999e-05 2.049398e+03 2.875124e+01
3.300000e+01 7.204880e-03 5.191029e-05 2.032640e+03 2.768056e+01
3.400000e+01 7.091526e-03 5.028974e-05 2.015998e+03 2.664586e+01
3.500000e+01 6.992109e-03 4.888958e-05 1.999434e+03 2.566411e+01
3.600000e+01 6.903315e-03 4.765576e-05 1.982989e+03 2.473538e+01
3.700000e+01 6.821115e-03 4.652761e-05 1.966438e+03 2.385632e+01
3.800000e+01 6.742253e-03 4.545798e-05 1.949774e+03 2.302322e+01
3.900000e+01 6.663626e-03 4.440391e-05 1.933008e+03 2.223256e+01
4.000000e+01 6.583418e-03 4.334139e-05 1.916093e+03 2.148118e+01
4.100000e+01 6.502193e-03 4.227851e-05 1.898920e+03 2.076624e+01
4.200000e+01 6.420027e-03 4.121675e-05 1.881532e+03 2.008514e+01
4.300000e+01 6.336257e-03 4.014815e-05 1.864025e+03 1.943553e+01
4.400000e+01 6.250809e-03 3.907262e-05 1.846508e+03 1.881529e+01
4.500000e+01 6.163065e-03 3.798337e-05 1.829015e+03 1.822247e+01
4.600000e+01 6.073429e-03 3.688654e-05 1.811545e+03 1.765529e+01
4.700000e+01 5.983098e-03 3.579746e-05 1.794091e+03 1.711211e+01
4.800000e+01 5.893615e-03 3.473470e-05 1.776662e+03 1.659145e+01
4.900000e+01 5.805647e-03 3.370554e-05 1.759389e+03 1.609192e+01
5.000000e+01 5.718796e-03 3.270463e-05 1.742477e+03 1.561227e+01
5.100000e+01 5.632422e-03 3.172418e-05 1.726086e+03 1.515135e+01
5.200000e+01 5.546494e-03 3.076360e-05 1.710273e+03 1.470806e+01
5.300000e+01 5.460811e-03 2.982046e-05 1.695026e+03 1.428143e+01
5.400000e+01 5.375497e-03 2.889597e-05 1.680231e+03 1.387052e+01
5.500000e+01 5.292772e-03 2.801344e-05 1.665843e+03 1.347449e+01
5.600000e+01 5.215643e-03 2.720293e-05 1.651849e+03 1.309254e+01
5.700000e+01 5.146429e-03 2.648574e-05 1.638205e+03 1.272393e+01
5.800000e+01 5.083621e-03 2.584321e-05 1.624835e+03 1.236798e+01
5.900000e+01 5.023694e-03 2.523750e-05 1.611856e+03 1.202405e+01
6.000000e+01 4.964145e-03 2.464274e-05 1.599260e+03 1.169153e+01
6.100000e+01 4.904160e-03 2.405079e-05 1.586922e+03 1.136987e+01
6.200000e+01 4.844710e-03 2.347121e-05 1.574847e+03 1.105854e+01
6.300000e+01 4.787146e-03 2.291677e-05 1.563113e+03 1.075706e+01
6.400000e+01 4.733116e-03 2.240239e-05 1.551807e+03 1.046496e+01
6.500000e+01 4.684280e-03 2.194248e-05 1.540975e+03 1.018182e+01
6.600000e+01 4.642639e-03 2.155410e-05 1.530630e+03 9.979108e+00
6.700000e+01 4.610184e-03 2.125380e-05 1.520764e+03 9.979108e+00
6.800000e+01 4.588556e-03 2.105485e-05 1.511451e+03 1.018261e+01
6.900000e+01 4.577739e-03 2.095570e-05 1.502797e+03 1.054829e+01
7.000000e+01 4.574164e-03 2.092298e-05 1.494692e+03 1.062312e+01
7.100000e+01 4.574891e-03 2.092963e-05 1.487030e+03 1.068996e+01
7.200000e+01 4.577274e-03 2.095143e-05 1.479767e+03 1.098188e+01
7.300000e+01 4.578703e-03 2.096452e-05 1.472748e+03 1.142500e+01
7.400000e+01 4.576947e-03 2.094844e-05 1.465779e+03 1.181012e+01
7.500000e+01 4.570616e-03 2.089053e-05 1.458720e+03 1.219563e+01
7.600000e+01 4.559241e-03 2.078668e-05 1.451523e+03 1.263378e+01
7.700000e+01 4.543233e-03 2.064096e-05 1.444127e+03 1.275346e+01
7.800000e+01 4.524670e-03 2.047264e-05 1.436536e+03 1.284374e+01
7.900000e+01 4.504824e-03 2.029344e-05 1.428640e+03 1.273394e+01
8.000000e+01 4.483953e-03 2.010584e-05 1.420306e+03 1.259995e+01
8.100000e+01 4.462151e-03 1.991079e-05 1.411714e+03 1.242592e+01
8.200000e+01 4.439338e-03 1.970772e-05 1.403036e+03 1.219915e+01
8.300000e+01 4.415757e-03 1.949891e-05 1.394338e+03 1.194928e+01
8.400000e+01 4.391400e-03 1.928440e-05 1.385757e+03 1.175998e+01
8.500000e+01 4.366803e-03 1.906897e-05 1.377466e+03 1.193478e+01
8.600000e+01 4.342927e-03 1.886102e-05 1.369548e+03 1.198870e+01
8.700000e+01 4.319841e-03 1.866102e-05 1.362002e+03 1.191968e+01
8.800000e+01 4.296497e-03 1.845988e-05 1.354813e+03 1.179966e+01
8.900000e+01 4.271856e-03 1.824875e-05 1.347768e+03 1.166513e+01
9.000000e+01 4.245928e-03 1.802790e-05 1.340873e+03 1.152926e+01
9.100000e+01 4.219684e-03 1.780573e-05 1.334097e+03 1.139558e+01
9.200000e+01 4.194013e-03 1.758974e-05 1.327498e+03 1.126475e+01
9.300000e+01 4.169348e-03 1.738346e-05 1.321174e+03 1.113678e+01
9.400000e+01 4.145619e-03 1.718616e-05 1.314764e+03 1.101146e+01
9.500000e+01 4.122945e-03 1.699868e-05 1.307991e+03 1.088865e+01
9.600000e+01 4.101004e-03 1.681823e-05 1.300818e+03 1.076834e+01
9.700000e+01 4.079231e-03 1.664013e-05 1.293321e+03 1.065048e+01
9.800000e+01 4.057298e-03 1.646167e-05 1.285482e+03 1.053502e+01
9.900000e+01 4.035373e-03 1.628424e-05 1.277353e+03 1.042189e+01
1.000000e+02 4.013389e-03 1.610729e-05 1.268978e+03 1.062459e+01
1.010000e+02 3.991308e-03 1.593054e-05 1.260413e+03 1.100828e+01
1.020000e+02 3.968560e-03 1.574947e-05 1.251751e+03 1.120229e+01
1.030000e+02 3.944893e-03 1.556218e-05 1.243038e+03 1.121781e+01
1.040000e+02 3.921211e-03 1.537589e-05 1.234267e+03 1.112268e+01
1.050000e+02 3.898593e-03 1.519903e-05 1.225461e+03 1.097832e+01
1.060000e+02 3.877377e-03 1.503406e-05 1.216559e+03 1.081832e+01
1.070000e+02 3.857016e-03 1.487657e-05 1.207569e+03 1.065586e+01
1.080000e+02 3.836870e-03 1.472157e-05 1.198556e+03 1.049505e+01
1.090000e+02 3.816323e-03 1.456432e-05 1.189466e+03 1.033692e+01
1.100000e+02 3.794791e-03 1.440044e-05 1.180332e+03 1.018161e+01
1.110000e+02 3.772238e-03 1.422978e-05 1.171146e+03 1.002910e+01
1.120000e+02 3.749778e-03 1.406084e-05 1.161831e+03 9.879305e+00
1.130000e+02 3.729102e-03 1.390620e-05 1.152459e+03 9.732156e+00
1.140000e+02 3.710843e-03 1.377036e-05 1.143071e+03 9.587585e+00
1.150000e+02 3.694432e-03 1.364883e-05 1.133696e+03 9.445530e+00
1.160000e+02 3.678747e-03 1.353318e-05 1.124418e+03 9.305941e+00
1.170000e+02 3.662846e-03 1.341644e-05 1.115338e+03 9.168796e+00
1.180000e+02 3.645909e-03 1.329265e-05 1.106579e+03 9.034134e+00
1.190000e+02 3.627346e-03 1.315764e-05 1.098294e+03 8.918638e+00
1.200000e+02 3.607871e-03 1.301673e-05 1.090850e+03 8.998920e+00
1.210000e+02 3.588104e-03 1.287449e-05 1.084011e+03 8.973868e+00
1.220000e+02 3.569622e-03 1.274220e-05 1.077077e+03 8.896355e+00
1.230000e+02 3.553939e-03 1.263049e-05 1.069897e+03 8.799582e+00
1.240000e+02 3.541037e-03 1.253894e-05 1.062562e+03 8.797296e+00
1.250000e+02 3.530439e-03 1.246400e-05 1.055226e+03 8.797296e+00
1.260000e+02 3.521424e-03 1.240042e-05 1.047983e+03 8.797296e+00
1.270000e+02 3.513297e-03 1.234326e-05 1.040909e+03 8.797296e+00
1.280000e+02 3.505251e-03 1.228678e-05 1.034043e+03 8.797296e+00
1.290000e+02 3.497151e-03 1.223007e-05 1.027414e+03 8.797296e+00
1.300000e+02 3.488866e-03 1.217218e-05 1.020984e+03 8.797296e+00
1.310000e+02 3.480082e-03 1.211097e-05 1.014707e+03 8.797296e+00
1.320000e+02 3.470364e-03 1.204343e-05 1.008506e+03 8.797296e+00
1.330000e+02 3.459640e-03 1.196911e-05 1.002333e+03 8.797296e+00
1.340000e+02 3.447798e-03 1.188731e-05 9.961081e+02 8.797294e+00
1.350000e+02 3.434943e-03 1.179883e-05 9.898070e+02 8.797273e+00
1.360000e+02 3.421362e-03 1.170572e-05 9.834321e+02 8.848287e+00
1.370000e+02 3.407069e-03 1.160812e-05 9.769677e+02 8.861386e+00
1.380000e+02 3.391742e-03 1.150391e-05 9.704050e+02 8.821812e+00
1.390000e+02 3.375155e-03 1.139167e-05 9.637462e+02 8.769030e+00
1.400000e+02 3.356997e-03 1.126943e-05 9.570071e+02 8.703632e+00
1.410000e+02 3.337208e-03 1.113696e-05 9.501995e+02 8.634045e+00
1.420000e+02 3.316006e-03 1.099590e-05 9.433371e+02 8.570196e+00
1.430000e+02 3.293727e-03 1.084864e-05 9.364269e+02 8.507212e+00
1.440000e+02 3.270841e-03 1.069840e-05 9.294797e+02 8.445117e+00
1.450000e+02 3.248107e-03 1.055020e-05 9.225159e+02 8.383925e+00
1.460000e+02 3.226406e-03 1.040969e-05 9.154714e+02 8.323683e+00
1.470000e+02 3.206766e-03 1.028335e-05 9.083205e+02 8.264460e+00
1.480000e+02 3.189811e-03 1.017489e-05 9.011281e+02 8.206249e+00
1.490000e+02 3.175725e-03 1.008523e-05 8.941927e+02 8.148784e+00
1.500000e+02 3.164378e-03 1.001329e-05 8.876146e+02 8.092027e+00
1.510000e+02 3.155150e-03 9.954972e-06 8.812578e+02 8.035992e+00
1.520000e+02 3.147047e-03 9.903907e-06 8.749134e+02 7.980634e+00
1.530000e+02 3.139038e-03 9.853559e-06 8.684918e+02 7.925948e+00
1.540000e+02 3.130228e-03 9.798325e-06 8.619620e+02 7.871942e+00
1.550000e+02 3.120859e-03 9.739761e-06 8.553126e+02 7.818611e+00
1.560000e+02 3.111374e-03 9.680646e-06 8.485453e+02 7.765943e+00
1.570000e+02 3.101824e-03 9.621311e-06 8.416415e+02 7.713917e+00
1.580000e+02 3.091646e-03 9.558275e-06 8.345841e+02 7.662505e+00
1.590000e+02 3.080014e-03 9.486483e-06 8.273382e+02 7.611667e+00
1.600000e+02 3.066348e-03 9.402490e-06 8.198899e+02 7.561381e+00
1.610000e+02 3.050369e-03 9.304749e-06 8.123023e+02 7.511674e+00
1.620000e+02 3.032027e-03 9.193186e-06 8.046178e+02 7.462564e+00
1.630000e+02 3.011707e-03 9.070381e-06 7.968713e+02 7.414052e+00
1.640000e+02 2.990372e-03 8.942323e-06 7.890213e+02 7.366130e+00
1.650000e+02 2.968918e-03 8.814477e-06 7.810433e+02 7.318788e+00
1.660000e+02 2.948069e-03 8.691112e-06 7.729707e+02 7.272016e+00
1.670000e+02 2.928300e-03 8.574942e-06 7.648322e+02 7.225805e+00
1.680000e+02 2.909704e-03 8.466380e-06 7.566264e+02 7.180143e+00
1.690000e+02 2.892361e-03 8.365755e-06 7.483718e+02 7.135021e+00
1.700000e+02 2.876051e-03 8.271670e-06 7.400959e+02 7.090430e+00
1.710000e+02 2.860517e-03 8.182555e-06 7.318335e+02 7.046360e+00
1.720000e+02 2.845602e-03 8.097450e-06 7.236038e+02 7.002803e+00
1.730000e+02 2.830923e-03 8.014123e-06 7.153914e+02 6.959748e+00
1.740000e+02 2.815896e-03 7.929270e-06 7.072020e+02 6.917189e+00
1.750000e+02 2.800139e-03 7.840778e-06 6.990554e+02 6.875115e+00
1.760000e+02 2.783871e-03 7.749940e-06 6.909789e+02 6.833519e+00
1.770000e+02 2.767617e-03 7.659703e-06 6.829936e+02 6.792394e+00
1.780000e+02 2.751680e-03 7.571745e-06 6.750507e+02 6.751730e+00
1.790000e+02 2.735989e-03 7.485635e-06 6.671251e+02 6.711520e+00
1.800000e+02 2.720300e-03 7.400031e-06 6.592048e+02 6.671757e+00
1.810000e+02 2.704364e-03 7.313583e-06 6.513312e+02 6.632433e+00
1.820000e+02 2.688168e-03 7.226247e-06 6.435072e+02 6.593541e+00
1.830000e+02 2.671875e-03 7.138919e-06 6.357137e+02 6.555073e+00
1.840000e+02 2.655814e-03 7.053346e-06 6.279349e+02 6.517024e+00
1.850000e+02 2.640330e-03 6.971341e-06 6.201664e+02 6.479386e+00
1.860000e+02 2.626248e-03 6.897180e-06 6.124492e+02 6.442153e+00
1.870000e+02 2.613499e-03 6.830378e-06 6.048038e+02 6.405317e+00
1.880000e+02 2.601361e-03 6.767080e-06 5.972155e+02 6.368873e+00
1.890000e+02 2.589670e-03 6.706392e-06 5.896961e+02 6.332815e+00
1.900000e+02 2.578151e-03 6.646860e-06 5.822413e+02 6.297136e+00
1.910000e+02 2.566622e-03 6.587546e-06 5.748421e+02 6.261831e+00
1.920000e+02 2.554831e-03 6.527160e-06 5.675203e+02 6.226894e+00
1.930000e+02 2.542768e-03 6.465668e-06 5.603106e+02 6.192318e+00
1.940000e+02 2.530885e-03 6.405381e-06 5.532451e+02 6.158101e+00
1.950000e+02 2.519840e-03 6.349594e-06 5.463231e+02 6.124234e+00
1.960000e+02 2.509862e-03 6.299408e-06 5.395439e+02 6.090713e+00
1.970000e+02 2.501029e-03 6.255147e-06 5.329470e+02 6.057538e+00
1.980000e+02 2.493186e-03 6.215975e-06 5.265623e+02 6.024705e+00
1.990000e+02 2.486011e-03 6.180252e-06 5.203901e+02 5.992220e+00
