**************************************************
*            H E D A C   s e a r c h             *
**************************************************
Started on: 2024-11-19 14:51:03.454701

Parameters:
         method: hedac
          x_min:      0.000
          x_max:    149.000
             dx:      1.000
          y_min:      0.000
          y_max:    307.000
             dy:      1.000

          alpha:      1.000
           beta:      0.500
          gamma:      0.100
          kappa:      0.000
             nu:      0.001
        sigma_m:      1.000
        sigma_c:      2.000
       sigma_ac:      0.100
         source:          difsource

         agents:         40
                   74.000,    196.000
                   68.000,    160.000
                   40.000,    208.000
                   45.000,    158.000
                  109.000,    227.000
                  108.000,    224.000
                   71.000,    151.000
                   56.000,     91.000
                   57.000,    241.000
                   83.000,    170.000
                   85.000,    303.000
                   58.000,     86.000
                   35.000,    186.000
                   60.000,    231.000
                  103.000,    283.000
                  119.000,    264.000
                   75.000,     21.000
                   91.000,    276.000
                   90.000,     42.000
                   40.000,    185.000
                   42.000,    187.000
                   82.000,    289.000
                   97.000,     31.000
                   90.000,    289.000
                   67.000,    297.000
                   52.000,    194.000
                   49.000,    123.000
                  100.000,    275.000
                   42.000,    182.000
                   82.000,    138.000
                   33.000,    185.000
                   44.000,    121.000
                   86.000,    286.000
                   88.000,    176.000
                   47.000,    131.000
                  119.000,    229.000
                  113.000,    220.000
                  121.000,    250.000
                   84.000,    108.000
                   79.000,    304.000
