**************************************************
*            H E D A C   s e a r c h             *
**************************************************
Started on: 2024-11-19 13:51:54.727082

Parameters:
         method: hedac
          x_min:      0.000
          x_max:    193.000
             dx:      1.000
          y_min:      0.000
          y_max:    226.000
             dy:      1.000

          alpha:      1.000
           beta:      0.500
          gamma:      0.100
          kappa:      0.000
             nu:      0.001
        sigma_m:      1.000
        sigma_c:      2.000
       sigma_ac:      0.100
         source:          difsource

         agents:         40
                   71.000,    168.000
                  168.000,    106.000
                   80.000,    177.000
                   56.000,    161.000
                  156.000,    193.000
                   91.000,    143.000
                  123.000,     15.000
                  160.000,    136.000
                  143.000,     98.000
                   73.000,    111.000
                   75.000,    116.000
                  148.000,    104.000
                  105.000,     99.000
                   21.000,    194.000
                  131.000,     79.000
                  187.000,     68.000
                  162.000,    123.000
                  111.000,    125.000
                  126.000,    167.000
                  143.000,    135.000
                  165.000,    117.000
                  148.000,    150.000
                  112.000,    129.000
                   70.000,    111.000
                  142.000,    100.000
                   81.000,    141.000
                   67.000,    214.000
                  119.000,    180.000
                   90.000,    120.000
                   48.000,    209.000
                  123.000,      8.000
                  158.000,     46.000
                  127.000,     14.000
                   68.000,    147.000
                  145.000,     58.000
                   70.000,    174.000
                  169.000,    112.000
                   45.000,    206.000
                   62.000,    207.000
                  118.000,    170.000
