**************************************************
*            H E D A C   s e a r c h             *
**************************************************
Started on: 2024-11-05 16:14:25.996924

Parameters:
         method: hedac
          x_min:      0.000
          x_max:    226.000
             dx:      1.000
          y_min:      0.000
          y_max:    315.000
             dy:      1.000

          alpha:      1.000
           beta:      0.500
          gamma:      0.100
          kappa:      0.000
             nu:      0.001
        sigma_m:      1.000
        sigma_c:      2.000
       sigma_ac:      0.100
         source:          difsource

         agents:         40
                   90.000,    182.000
                   86.000,    196.000
                   99.000,    289.000
                   24.000,    225.000
                   84.000,    190.000
                  109.000,    270.000
                   53.000,    244.000
                  121.000,    211.000
                  145.000,    169.000
                  179.000,    134.000
                  151.000,    149.000
                  182.000,    149.000
                  125.000,    264.000
                   84.000,    193.000
                  106.000,    129.000
                   57.000,    227.000
                  141.000,    148.000
                  149.000,    156.000
                  182.000,    134.000
                  125.000,    200.000
                  154.000,    191.000
                   88.000,    237.000
                   85.000,    192.000
                  156.000,    208.000
                  127.000,    114.000
                   14.000,    224.000
                   83.000,    128.000
                  138.000,     13.000
                   59.000,    222.000
                   30.000,    232.000
                  170.000,    134.000
                  168.000,    129.000
                  164.000,     76.000
                   71.000,    243.000
                   64.000,    215.000
                   49.000,    246.000
                   80.000,    227.000
                   84.000,    231.000
                  113.000,    264.000
                  183.000,    121.000
