**************************************************
*            H E D A C   s e a r c h             *
**************************************************
Started on: 2024-11-19 16:44:52.290590

Parameters:
         method: hedac
          x_min:      0.000
          x_max:    456.000
             dx:      1.000
          y_min:      0.000
          y_max:    478.000
             dy:      1.000

          alpha:      1.000
           beta:      0.500
          gamma:      0.100
          kappa:      0.000
             nu:      0.001
        sigma_m:      1.000
        sigma_c:      2.000
       sigma_ac:      0.100
         source:          difsource

         agents:         40
                  128.000,     47.000
                   74.000,    179.000
                  208.000,    291.000
                  216.000,    315.000
                   88.000,    244.000
                   42.000,     55.000
                  224.000,    309.000
                   15.000,     25.000
                  233.000,    118.000
                   76.000,     55.000
                   46.000,    168.000
                  194.000,     10.000
                  203.000,    218.000
                  258.000,     38.000
                  123.000,    135.000
                   63.000,     97.000
                   72.000,    141.000
                  186.000,    279.000
                   67.000,    153.000
                  374.000,    125.000
                  246.000,     26.000
                  184.000,     25.000
                  290.000,     48.000
                  178.000,    185.000
                  229.000,    180.000
                  337.000,     85.000
                  253.000,    111.000
                  184.000,    237.000
                  453.000,    169.000
                   40.000,     49.000
                  271.000,    313.000
                  174.000,    293.000
                  170.000,    299.000
                  162.000,    392.000
                   69.000,    175.000
                  239.000,    300.000
                  136.000,    161.000
                  183.000,    300.000
                  211.000,     12.000
                   49.000,    224.000
