**************************************************
*            H E D A C   s e a r c h             *
**************************************************
Started on: 2024-11-19 14:47:01.046555

Parameters:
         method: hedac
          x_min:      0.000
          x_max:    149.000
             dx:      1.000
          y_min:      0.000
          y_max:    307.000
             dy:      1.000

          alpha:      1.000
           beta:      0.500
          gamma:      0.100
          kappa:      0.000
             nu:      0.001
        sigma_m:      1.000
        sigma_c:      2.000
       sigma_ac:      0.100
         source:          difsource

         agents:         40
                   52.000,     52.000
                   51.000,    197.000
                   57.000,    193.000
                   40.000,    150.000
                   52.000,    113.000
                   56.000,     40.000
                  115.000,    250.000
                   91.000,    262.000
                   83.000,    260.000
                   82.000,    185.000
                   95.000,     60.000
                   42.000,    178.000
                   84.000,    171.000
                   60.000,    240.000
                   63.000,    190.000
                   65.000,    173.000
                   70.000,    145.000
                   35.000,    167.000
                   79.000,    291.000
                   49.000,    190.000
                   86.000,    280.000
                   91.000,     22.000
                   84.000,    118.000
                   84.000,    291.000
                   88.000,    270.000
                   85.000,    183.000
                   43.000,    135.000
                   79.000,    152.000
                   83.000,    181.000
                   67.000,    169.000
                  117.000,    244.000
                   44.000,    143.000
                   54.000,    113.000
                   41.000,    180.000
                  107.000,    273.000
                   97.000,    102.000
                  108.000,    246.000
                   83.000,    184.000
                   88.000,    186.000
                   92.000,    268.000
