**************************************************
*            H E D A C   s e a r c h             *
**************************************************
Started on: 2024-11-19 14:00:13.377148

Parameters:
         method: hedac
          x_min:      0.000
          x_max:    193.000
             dx:      1.000
          y_min:      0.000
          y_max:    226.000
             dy:      1.000

          alpha:      1.000
           beta:      0.500
          gamma:      0.100
          kappa:      0.000
             nu:      0.001
        sigma_m:      1.000
        sigma_c:      2.000
       sigma_ac:      0.100
         source:          difsource

         agents:         40
                  166.000,    122.000
                   81.000,     78.000
                   68.000,    141.000
                  149.000,    141.000
                  159.000,    110.000
                  173.000,    108.000
                  153.000,    185.000
                   28.000,    193.000
                  153.000,     53.000
                  176.000,    107.000
                  158.000,    138.000
                   60.000,    218.000
                  156.000,    138.000
                  155.000,    143.000
                  135.000,    101.000
                  127.000,     23.000
                   60.000,    111.000
                  151.000,    127.000
                  148.000,    152.000
                   52.000,    162.000
                  106.000,     94.000
                   51.000,    172.000
                  117.000,      7.000
                  149.000,    107.000
                  151.000,     50.000
                  129.000,     14.000
                  162.000,    128.000
                  119.000,    173.000
                   96.000,    147.000
                   68.000,    168.000
                   76.000,    172.000
                  125.000,    134.000
                   98.000,    183.000
                   69.000,    220.000
                  163.000,    108.000
                   56.000,    144.000
                  148.000,     59.000
                   86.000,    119.000
                  112.000,     70.000
                   61.000,    191.000
