**************************************************
*            H E D A C   s e a r c h             *
**************************************************
Started on: 2024-11-19 13:48:55.177706

Parameters:
         method: hedac
          x_min:      0.000
          x_max:    193.000
             dx:      1.000
          y_min:      0.000
          y_max:    226.000
             dy:      1.000

          alpha:      1.000
           beta:      0.500
          gamma:      0.100
          kappa:      0.000
             nu:      0.001
        sigma_m:      1.000
        sigma_c:      2.000
       sigma_ac:      0.100
         source:          difsource

         agents:         40
                  122.000,    127.000
                   47.000,    218.000
                   77.000,    140.000
                  144.000,    104.000
                   82.000,    121.000
                  143.000,     30.000
                  164.000,    132.000
                  116.000,    192.000
                  167.000,     56.000
                   71.000,    130.000
                  115.000,    185.000
                   97.000,     90.000
                  131.000,    169.000
                  142.000,    101.000
                  161.000,    176.000
                  157.000,    135.000
                  102.000,     70.000
                  157.000,    134.000
                   65.000,    173.000
                  141.000,    128.000
                  161.000,    200.000
                   76.000,    136.000
                   80.000,    113.000
                   96.000,     76.000
                   55.000,    171.000
                  113.000,    183.000
                  111.000,    129.000
                  168.000,    116.000
                  122.000,      9.000
                  166.000,    119.000
                  111.000,    190.000
                   70.000,    192.000
                  143.000,    151.000
                   89.000,    125.000
                  181.000,     65.000
                  119.000,    173.000
                   70.000,    152.000
                   70.000,    195.000
                   87.000,    115.000
                   87.000,    139.000
