**************************************************
*            H E D A C   s e a r c h             *
**************************************************
Started on: 2024-11-19 14:47:30.937857

Parameters:
         method: hedac
          x_min:      0.000
          x_max:    149.000
             dx:      1.000
          y_min:      0.000
          y_max:    307.000
             dy:      1.000

          alpha:      1.000
           beta:      0.500
          gamma:      0.100
          kappa:      0.000
             nu:      0.001
        sigma_m:      1.000
        sigma_c:      2.000
       sigma_ac:      0.100
         source:          difsource

         agents:         40
                   90.000,     30.000
                   59.000,     54.000
                   53.000,    105.000
                   95.000,     49.000
                   47.000,    199.000
                  117.000,    238.000
                   79.000,    258.000
                   86.000,    111.000
                   94.000,    274.000
                  116.000,     87.000
                   64.000,    193.000
                   92.000,    260.000
                  111.000,    240.000
                  102.000,    280.000
                  104.000,    282.000
                   48.000,    124.000
                   70.000,    156.000
                   54.000,    114.000
                  109.000,     84.000
                   88.000,    263.000
                   82.000,    110.000
                  100.000,    281.000
                   40.000,    139.000
                   39.000,    158.000
                   59.000,    218.000
                   38.000,    194.000
                   68.000,     29.000
                  103.000,    283.000
                   80.000,    181.000
                  110.000,     73.000
                   78.000,    190.000
                   74.000,     25.000
                   68.000,    161.000
                   91.000,    105.000
                   99.000,     42.000
                  121.000,    256.000
                   55.000,     61.000
                   53.000,    119.000
                   85.000,    137.000
                   95.000,    281.000
