**************************************************
*            H E D A C   s e a r c h             *
**************************************************
Started on: 2024-11-19 16:21:23.161720

Parameters:
         method: hedac
          x_min:      0.000
          x_max:    456.000
             dx:      1.000
          y_min:      0.000
          y_max:    478.000
             dy:      1.000

          alpha:      1.000
           beta:      0.500
          gamma:      0.100
          kappa:      0.000
             nu:      0.001
        sigma_m:      1.000
        sigma_c:      2.000
       sigma_ac:      0.100
         source:          difsource

         agents:         40
                  186.000,    180.000
                  130.000,    140.000
                  237.000,    109.000
                  199.000,    277.000
                  155.000,    242.000
                  201.000,    298.000
                  334.000,     74.000
                   68.000,    148.000
                  219.000,    279.000
                  255.000,    151.000
                   97.000,     58.000
                   51.000,    212.000
                   48.000,    163.000
                  180.000,     96.000
                  246.000,    170.000
                  120.000,     55.000
                  253.000,     36.000
                  131.000,    152.000
                  154.000,    168.000
                   65.000,    120.000
                  324.000,     65.000
                  154.000,    289.000
                   84.000,    220.000
                  195.000,    103.000
                  260.000,    314.000
                  117.000,    239.000
                  208.000,    271.000
                  161.000,    298.000
                   69.000,     53.000
                   46.000,    160.000
                   86.000,    258.000
                  158.000,    240.000
                  451.000,    164.000
                  246.000,    163.000
                  212.000,    122.000
                   56.000,    136.000
                  177.000,    319.000
                  220.000,    174.000
                   66.000,     95.000
                  145.000,    255.000
