**************************************************
*            H E D A C   s e a r c h             *
**************************************************
Started on: 2024-11-19 14:42:22.748215

Parameters:
         method: hedac
          x_min:      0.000
          x_max:    149.000
             dx:      1.000
          y_min:      0.000
          y_max:    307.000
             dy:      1.000

          alpha:      1.000
           beta:      0.500
          gamma:      0.100
          kappa:      0.000
             nu:      0.001
        sigma_m:      1.000
        sigma_c:      2.000
       sigma_ac:      0.100
         source:          difsource

         agents:         40
                   80.000,    299.000
                   76.000,    289.000
                   62.000,     66.000
                   65.000,    147.000
                   80.000,     25.000
                   74.000,    187.000
                   97.000,     67.000
                   91.000,     44.000
                   84.000,    141.000
                   47.000,    197.000
                   96.000,     57.000
                  111.000,    275.000
                   50.000,    113.000
                   93.000,    278.000
                   91.000,    106.000
                   91.000,    142.000
                  102.000,     50.000
                   66.000,    166.000
                  124.000,    243.000
                   79.000,    152.000
                   60.000,    241.000
                  121.000,    250.000
                  109.000,     83.000
                  107.000,     65.000
                   94.000,    283.000
                   93.000,    283.000
                   98.000,     58.000
                   54.000,     60.000
                  109.000,     90.000
                   47.000,    213.000
                  101.000,     40.000
                   54.000,     42.000
                   89.000,    122.000
                   80.000,    180.000
                   97.000,    276.000
                   49.000,    168.000
                   48.000,    171.000
                   42.000,    164.000
                   79.000,    253.000
                   66.000,     80.000
