**************************************************
*            H E D A C   s e a r c h             *
**************************************************
Started on: 2024-11-01 10:47:41.653647

Parameters:
         method: hedac
          x_min:      0.000
          x_max:    226.000
             dx:      1.000
          y_min:      0.000
          y_max:    315.000
             dy:      1.000

          alpha:      1.000
           beta:      0.500
          gamma:      0.100
          kappa:      0.000
             nu:      0.001
        sigma_m:      1.000
        sigma_c:      2.000
       sigma_ac:      0.100
         source:          difsource

         agents:         40
                   31.000,    217.000
                  110.000,    199.000
                  173.000,    115.000
                   65.000,    236.000
                  187.000,    130.000
                   93.000,    284.000
                   10.000,    233.000
                  170.000,    141.000
                  145.000,     24.000
                  172.000,    205.000
                   63.000,    309.000
                  167.000,    206.000
                   51.000,    223.000
                   53.000,    221.000
                  168.000,     74.000
                  159.000,    138.000
                  101.000,    227.000
                  159.000,    121.000
                  115.000,    261.000
                   24.000,    234.000
                  104.000,    283.000
                  166.000,    197.000
                  182.000,     94.000
                   25.000,    207.000
                   60.000,    213.000
                  170.000,    126.000
                  159.000,    134.000
                  103.000,    259.000
                  110.000,    222.000
                  147.000,    183.000
                   46.000,    208.000
                  207.000,    129.000
                  199.000,    124.000
                  154.000,    179.000
                   53.000,    250.000
                  104.000,    197.000
                  144.000,    154.000
                  180.000,    149.000
                  143.000,     93.000
                   98.000,    201.000
