**************************************************
*            H E D A C   s e a r c h             *
**************************************************
Started on: 2024-11-05 16:06:05.843391

Parameters:
         method: hedac
          x_min:      0.000
          x_max:    226.000
             dx:      1.000
          y_min:      0.000
          y_max:    315.000
             dy:      1.000

          alpha:      1.000
           beta:      0.500
          gamma:      0.100
          kappa:      0.000
             nu:      0.001
        sigma_m:      1.000
        sigma_c:      2.000
       sigma_ac:      0.100
         source:          difsource

         agents:         40
                  175.000,    111.000
                  175.000,    139.000
                  108.000,    118.000
                  136.000,    185.000
                  169.000,     94.000
                  166.000,     66.000
                  180.000,    116.000
                   45.000,    213.000
                   58.000,    229.000
                  161.000,     89.000
                  182.000,    108.000
                   41.000,    210.000
                  135.000,     47.000
                  161.000,     36.000
                   14.000,    240.000
                  139.000,    111.000
                   17.000,    230.000
                  109.000,    203.000
                   46.000,    203.000
                  152.000,     27.000
                  105.000,    220.000
                   47.000,    205.000
                   39.000,    218.000
                  153.000,     18.000
                  141.000,    108.000
                   53.000,    227.000
                  122.000,    104.000
                  155.000,     49.000
                   30.000,    227.000
                  187.000,    124.000
                  187.000,    127.000
                  172.000,    130.000
                   75.000,    125.000
                   44.000,    212.000
                   43.000,    221.000
                   91.000,    184.000
                   97.000,    230.000
                  130.000,    250.000
                   73.000,    227.000
                  138.000,    126.000
