           t           E1           E2           E3           E4
0.000000e+00 2.212730e-02 4.896174e-04 6.150926e+03 3.139513e+02
1.000000e+00 2.183490e-02 4.767629e-04 6.116575e+03 3.162699e+02
2.000000e+00 2.136856e-02 4.566153e-04 6.077992e+03 3.040210e+02
3.000000e+00 2.077155e-02 4.314572e-04 6.036200e+03 3.015742e+02
4.000000e+00 2.008113e-02 4.032519e-04 5.992046e+03 2.891046e+02
5.000000e+00 1.932166e-02 3.733267e-04 5.945862e+03 2.681516e+02
6.000000e+00 1.853890e-02 3.436907e-04 5.895704e+03 2.478430e+02
7.000000e+00 1.777218e-02 3.158504e-04 5.842158e+03 2.221970e+02
8.000000e+00 1.704007e-02 2.903639e-04 5.784791e+03 2.008301e+02
9.000000e+00 1.634634e-02 2.672029e-04 5.723908e+03 1.808021e+02
1.000000e+01 1.568959e-02 2.461631e-04 5.660636e+03 1.628526e+02
1.100000e+01 1.506844e-02 2.270580e-04 5.596028e+03 1.521658e+02
1.200000e+01 1.448212e-02 2.097318e-04 5.530670e+03 1.456793e+02
1.300000e+01 1.393177e-02 1.940944e-04 5.464944e+03 1.367712e+02
1.400000e+01 1.341652e-02 1.800030e-04 5.399029e+03 1.274615e+02
1.500000e+01 1.293610e-02 1.673426e-04 5.332928e+03 1.187734e+02
1.600000e+01 1.249006e-02 1.560015e-04 5.266666e+03 1.109835e+02
1.700000e+01 1.207850e-02 1.458902e-04 5.200087e+03 1.040594e+02
1.800000e+01 1.170082e-02 1.369092e-04 5.133091e+03 9.788798e+01
1.900000e+01 1.135267e-02 1.288832e-04 5.065852e+03 9.235710e+01
2.000000e+01 1.103110e-02 1.216853e-04 4.998782e+03 8.737251e+01
2.100000e+01 1.073556e-02 1.152523e-04 4.932434e+03 8.285705e+01
2.200000e+01 1.046792e-02 1.095774e-04 4.867397e+03 7.874741e+01
2.300000e+01 1.022591e-02 1.045693e-04 4.803570e+03 7.499125e+01
2.400000e+01 1.000569e-02 1.001138e-04 4.740725e+03 7.154488e+01
2.500000e+01 9.804723e-03 9.613259e-05 4.678895e+03 6.837151e+01
2.600000e+01 9.617959e-03 9.250514e-05 4.618044e+03 6.543994e+01
2.700000e+01 9.440802e-03 8.912875e-05 4.558008e+03 6.460514e+01
2.800000e+01 9.269817e-03 8.592951e-05 4.498678e+03 6.469899e+01
2.900000e+01 9.102735e-03 8.285979e-05 4.440107e+03 6.342506e+01
3.000000e+01 8.938325e-03 7.989365e-05 4.382286e+03 6.145480e+01
3.100000e+01 8.775000e-03 7.700063e-05 4.325253e+03 5.985819e+01
3.200000e+01 8.612016e-03 7.416681e-05 4.269081e+03 5.796426e+01
3.300000e+01 8.449443e-03 7.139309e-05 4.213775e+03 5.732388e+01
3.400000e+01 8.288020e-03 6.869127e-05 4.159207e+03 5.673289e+01
3.500000e+01 8.128860e-03 6.607836e-05 4.105272e+03 5.555078e+01
3.600000e+01 7.973583e-03 6.357803e-05 4.051787e+03 5.458599e+01
3.700000e+01 7.823758e-03 6.121119e-05 3.998630e+03 5.317638e+01
3.800000e+01 7.679701e-03 5.897781e-05 3.945764e+03 5.162663e+01
3.900000e+01 7.541965e-03 5.688124e-05 3.893166e+03 5.008653e+01
4.000000e+01 7.410918e-03 5.492171e-05 3.840817e+03 4.861230e+01
4.100000e+01 7.286444e-03 5.309227e-05 3.788679e+03 4.720594e+01
4.200000e+01 7.168101e-03 5.138167e-05 3.736690e+03 4.586340e+01
4.300000e+01 7.055177e-03 4.977552e-05 3.684885e+03 4.458189e+01
4.400000e+01 6.946926e-03 4.825979e-05 3.633309e+03 4.335805e+01
4.500000e+01 6.842994e-03 4.682657e-05 3.581962e+03 4.218827e+01
4.600000e+01 6.741842e-03 4.545243e-05 3.530918e+03 4.106907e+01
4.700000e+01 6.642716e-03 4.412568e-05 3.480252e+03 3.999724e+01
4.800000e+01 6.546140e-03 4.285195e-05 3.429919e+03 3.896985e+01
4.900000e+01 6.452394e-03 4.163338e-05 3.379919e+03 4.061091e+01
5.000000e+01 6.361695e-03 4.047117e-05 3.330388e+03 4.223326e+01
5.100000e+01 6.273681e-03 3.935907e-05 3.281395e+03 4.306251e+01
5.200000e+01 6.187946e-03 3.829067e-05 3.233013e+03 4.345204e+01
5.300000e+01 6.104246e-03 3.726182e-05 3.185276e+03 4.310516e+01
5.400000e+01 6.022368e-03 3.626892e-05 3.138185e+03 4.242894e+01
5.500000e+01 5.941896e-03 3.530613e-05 3.091737e+03 4.165785e+01
5.600000e+01 5.862476e-03 3.436862e-05 3.045941e+03 4.088210e+01
5.700000e+01 5.783936e-03 3.345391e-05 3.000815e+03 4.012449e+01
5.800000e+01 5.706180e-03 3.256049e-05 2.956368e+03 3.939098e+01
5.900000e+01 5.629322e-03 3.168927e-05 2.912620e+03 3.868214e+01
6.000000e+01 5.554002e-03 3.084694e-05 2.869511e+03 3.799703e+01
6.100000e+01 5.480885e-03 3.004011e-05 2.826980e+03 3.733439e+01
6.200000e+01 5.410192e-03 2.927017e-05 2.785030e+03 3.669317e+01
6.300000e+01 5.341729e-03 2.853407e-05 2.743647e+03 3.607240e+01
6.400000e+01 5.275493e-03 2.783083e-05 2.702682e+03 3.547110e+01
6.500000e+01 5.211378e-03 2.715846e-05 2.662096e+03 3.488832e+01
6.600000e+01 5.148531e-03 2.650737e-05 2.621777e+03 3.432312e+01
6.700000e+01 5.086187e-03 2.586930e-05 2.581568e+03 3.377478e+01
6.800000e+01 5.024254e-03 2.524313e-05 2.541362e+03 3.324275e+01
6.900000e+01 4.962878e-03 2.463015e-05 2.501719e+03 3.272581e+01
7.000000e+01 4.902136e-03 2.403093e-05 2.463023e+03 3.222302e+01
7.100000e+01 4.842069e-03 2.344563e-05 2.425159e+03 3.173394e+01
7.200000e+01 4.782776e-03 2.287495e-05 2.388001e+03 3.125818e+01
7.300000e+01 4.724801e-03 2.232375e-05 2.351482e+03 3.079534e+01
7.400000e+01 4.668823e-03 2.179791e-05 2.315587e+03 3.034495e+01
7.500000e+01 4.615252e-03 2.130055e-05 2.280293e+03 2.990652e+01
7.600000e+01 4.563793e-03 2.082820e-05 2.245600e+03 2.947960e+01
7.700000e+01 4.513936e-03 2.037562e-05 2.211495e+03 2.906373e+01
7.800000e+01 4.465866e-03 1.994396e-05 2.178046e+03 2.865850e+01
7.900000e+01 4.419857e-03 1.953513e-05 2.145304e+03 2.826349e+01
8.000000e+01 4.376089e-03 1.915015e-05 2.113285e+03 2.787834e+01
8.100000e+01 4.334276e-03 1.878595e-05 2.082011e+03 2.750266e+01
8.200000e+01 4.294581e-03 1.844342e-05 2.051478e+03 2.713613e+01
8.300000e+01 4.257558e-03 1.812680e-05 2.021607e+03 2.677840e+01
8.400000e+01 4.222887e-03 1.783278e-05 1.992426e+03 2.642917e+01
8.500000e+01 4.189493e-03 1.755185e-05 1.963964e+03 2.608814e+01
8.600000e+01 4.156438e-03 1.727598e-05 1.936189e+03 2.575501e+01
8.700000e+01 4.123401e-03 1.700243e-05 1.909049e+03 2.542953e+01
8.800000e+01 4.090413e-03 1.673148e-05 1.882523e+03 2.511142e+01
8.900000e+01 4.057656e-03 1.646457e-05 1.856621e+03 2.480044e+01
9.000000e+01 4.025556e-03 1.620510e-05 1.831356e+03 2.449636e+01
9.100000e+01 3.994805e-03 1.595847e-05 1.806723e+03 2.419894e+01
9.200000e+01 3.966312e-03 1.573163e-05 1.782688e+03 2.390798e+01
9.300000e+01 3.940425e-03 1.552695e-05 1.759206e+03 2.362325e+01
9.400000e+01 3.916821e-03 1.534149e-05 1.736294e+03 2.334457e+01
9.500000e+01 3.894729e-03 1.516891e-05 1.713959e+03 2.307174e+01
9.600000e+01 3.873151e-03 1.500130e-05 1.692169e+03 2.280459e+01
9.700000e+01 3.850981e-03 1.483005e-05 1.670896e+03 2.254293e+01
9.800000e+01 3.827473e-03 1.464955e-05 1.650130e+03 2.228659e+01
9.900000e+01 3.802276e-03 1.445730e-05 1.629852e+03 2.203543e+01
1.000000e+02 3.775447e-03 1.425400e-05 1.610049e+03 2.178927e+01
1.010000e+02 3.747151e-03 1.404114e-05 1.590724e+03 2.154798e+01
1.020000e+02 3.717608e-03 1.382061e-05 1.571899e+03 2.131141e+01
1.030000e+02 3.687199e-03 1.359544e-05 1.553567e+03 2.107943e+01
1.040000e+02 3.656349e-03 1.336888e-05 1.535693e+03 2.085189e+01
1.050000e+02 3.625354e-03 1.314319e-05 1.518275e+03 2.062868e+01
1.060000e+02 3.594456e-03 1.292012e-05 1.501303e+03 2.040968e+01
1.070000e+02 3.564235e-03 1.270377e-05 1.484711e+03 2.019475e+01
1.080000e+02 3.535218e-03 1.249777e-05 1.468470e+03 1.998380e+01
1.090000e+02 3.507632e-03 1.230348e-05 1.452596e+03 1.977672e+01
1.100000e+02 3.481590e-03 1.212147e-05 1.437076e+03 1.957339e+01
1.110000e+02 3.456843e-03 1.194976e-05 1.421880e+03 1.937371e+01
1.120000e+02 3.433357e-03 1.178794e-05 1.406984e+03 1.917760e+01
1.130000e+02 3.411304e-03 1.163699e-05 1.392399e+03 1.898495e+01
1.140000e+02 3.390824e-03 1.149769e-05 1.378167e+03 1.879567e+01
1.150000e+02 3.371689e-03 1.136829e-05 1.364328e+03 1.860968e+01
1.160000e+02 3.353138e-03 1.124353e-05 1.350928e+03 1.859498e+01
1.170000e+02 3.335041e-03 1.112250e-05 1.337998e+03 1.984597e+01
1.180000e+02 3.317449e-03 1.100547e-05 1.325548e+03 2.083607e+01
1.190000e+02 3.300272e-03 1.089180e-05 1.313581e+03 2.156112e+01
1.200000e+02 3.283576e-03 1.078187e-05 1.302128e+03 2.179519e+01
1.210000e+02 3.267522e-03 1.067670e-05 1.291207e+03 2.174502e+01
1.220000e+02 3.252025e-03 1.057567e-05 1.280819e+03 2.156398e+01
1.230000e+02 3.236859e-03 1.047726e-05 1.270966e+03 2.133702e+01
1.240000e+02 3.221812e-03 1.038008e-05 1.261649e+03 2.110023e+01
1.250000e+02 3.206963e-03 1.028461e-05 1.252870e+03 2.086440e+01
1.260000e+02 3.192870e-03 1.019442e-05 1.244580e+03 2.063186e+01
1.270000e+02 3.180056e-03 1.011275e-05 1.236763e+03 2.040299e+01
1.280000e+02 3.168897e-03 1.004191e-05 1.229473e+03 2.017778e+01
1.290000e+02 3.159550e-03 9.982758e-06 1.222746e+03 1.995614e+01
1.300000e+02 3.151552e-03 9.932279e-06 1.216512e+03 1.973790e+01
1.310000e+02 3.144150e-03 9.885678e-06 1.210703e+03 1.952289e+01
1.320000e+02 3.136752e-03 9.839216e-06 1.205276e+03 1.931103e+01
1.330000e+02 3.129454e-03 9.793484e-06 1.200216e+03 1.910226e+01
1.340000e+02 3.122386e-03 9.749291e-06 1.195534e+03 1.889656e+01
1.350000e+02 3.115540e-03 9.706587e-06 1.191196e+03 1.869388e+01
1.360000e+02 3.108358e-03 9.661891e-06 1.187133e+03 1.849417e+01
1.370000e+02 3.100414e-03 9.612566e-06 1.183286e+03 1.829737e+01
1.380000e+02 3.091675e-03 9.558455e-06 1.179666e+03 1.810342e+01
1.390000e+02 3.082280e-03 9.500452e-06 1.176292e+03 1.805538e+01
1.400000e+02 3.072564e-03 9.440647e-06 1.173168e+03 1.885853e+01
1.410000e+02 3.063004e-03 9.381992e-06 1.170293e+03 1.962257e+01
1.420000e+02 3.053900e-03 9.326306e-06 1.167644e+03 1.998152e+01
1.430000e+02 3.045206e-03 9.273277e-06 1.165205e+03 2.004754e+01
1.440000e+02 3.036781e-03 9.222041e-06 1.162982e+03 1.994848e+01
1.450000e+02 3.028305e-03 9.170633e-06 1.160989e+03 1.976968e+01
1.460000e+02 3.019893e-03 9.119754e-06 1.159245e+03 1.956619e+01
1.470000e+02 3.011408e-03 9.068576e-06 1.157719e+03 1.935718e+01
1.480000e+02 3.002854e-03 9.017131e-06 1.156393e+03 1.914874e+01
1.490000e+02 2.994476e-03 8.966888e-06 1.155257e+03 1.894264e+01
1.500000e+02 2.986539e-03 8.919415e-06 1.154301e+03 1.873926e+01
1.510000e+02 2.979374e-03 8.876670e-06 1.153434e+03 1.853867e+01
1.520000e+02 2.972962e-03 8.838506e-06 1.152464e+03 1.834096e+01
1.530000e+02 2.966950e-03 8.802790e-06 1.151128e+03 1.814628e+01
1.540000e+02 2.960717e-03 8.765847e-06 1.149377e+03 1.795461e+01
1.550000e+02 2.953623e-03 8.723889e-06 1.147158e+03 1.776596e+01
1.560000e+02 2.945624e-03 8.676702e-06 1.145124e+03 1.757976e+01
1.570000e+02 2.936919e-03 8.625495e-06 1.143710e+03 1.739567e+01
1.580000e+02 2.927978e-03 8.573057e-06 1.142796e+03 1.721419e+01
1.590000e+02 2.919634e-03 8.524261e-06 1.142247e+03 1.703558e+01
1.600000e+02 2.912366e-03 8.481874e-06 1.141949e+03 1.686000e+01
1.610000e+02 2.906477e-03 8.447606e-06 1.142000e+03 1.668835e+01
1.620000e+02 2.902198e-03 8.422751e-06 1.142616e+03 1.651793e+01
1.630000e+02 2.898727e-03 8.402617e-06 1.143491e+03 1.716630e+01
1.640000e+02 2.895186e-03 8.382101e-06 1.144495e+03 1.803087e+01
1.650000e+02 2.891091e-03 8.358408e-06 1.145762e+03 1.908486e+01
1.660000e+02 2.886168e-03 8.329965e-06 1.147380e+03 2.016184e+01
1.670000e+02 2.880494e-03 8.297243e-06 1.149261e+03 2.129019e+01
1.680000e+02 2.874242e-03 8.261268e-06 1.151395e+03 2.230343e+01
1.690000e+02 2.867428e-03 8.222144e-06 1.153714e+03 2.299531e+01
1.700000e+02 2.860476e-03 8.182322e-06 1.156105e+03 2.374677e+01
1.710000e+02 2.853665e-03 8.143406e-06 1.158467e+03 2.472164e+01
1.720000e+02 2.846636e-03 8.103337e-06 1.160827e+03 2.580462e+01
1.730000e+02 2.838961e-03 8.059700e-06 1.163153e+03 2.676813e+01
1.740000e+02 2.830976e-03 8.014428e-06 1.165729e+03 2.762203e+01
1.750000e+02 2.822741e-03 7.967867e-06 1.168581e+03 2.824627e+01
1.760000e+02 2.814429e-03 7.921009e-06 1.171584e+03 2.869788e+01
1.770000e+02 2.805953e-03 7.873373e-06 1.174681e+03 2.894268e+01
1.780000e+02 2.797119e-03 7.823872e-06 1.177900e+03 2.895767e+01
1.790000e+02 2.788337e-03 7.774821e-06 1.181236e+03 2.890916e+01
1.800000e+02 2.779910e-03 7.727898e-06 1.184654e+03 2.895762e+01
1.810000e+02 2.771837e-03 7.683080e-06 1.188129e+03 2.921419e+01
1.820000e+02 2.764186e-03 7.640724e-06 1.191619e+03 2.969296e+01
1.830000e+02 2.757211e-03 7.602212e-06 1.195022e+03 3.036566e+01
1.840000e+02 2.751026e-03 7.568145e-06 1.198327e+03 3.124085e+01
1.850000e+02 2.745211e-03 7.536185e-06 1.201493e+03 3.214614e+01
1.860000e+02 2.739618e-03 7.505509e-06 1.204655e+03 3.293854e+01
1.870000e+02 2.734233e-03 7.476027e-06 1.207945e+03 3.362237e+01
1.880000e+02 2.729014e-03 7.447518e-06 1.211254e+03 3.427032e+01
1.890000e+02 2.723645e-03 7.418243e-06 1.214486e+03 3.472011e+01
1.900000e+02 2.717853e-03 7.386724e-06 1.217547e+03 3.489701e+01
1.910000e+02 2.712003e-03 7.354959e-06 1.220513e+03 3.492471e+01
1.920000e+02 2.706637e-03 7.325883e-06 1.223374e+03 3.497823e+01
1.930000e+02 2.701479e-03 7.297989e-06 1.226181e+03 3.494886e+01
1.940000e+02 2.696514e-03 7.271186e-06 1.228923e+03 3.481642e+01
1.950000e+02 2.692314e-03 7.248557e-06 1.231575e+03 3.470869e+01
1.960000e+02 2.689025e-03 7.230853e-06 1.234138e+03 3.482087e+01
1.970000e+02 2.686365e-03 7.216555e-06 1.236582e+03 3.540687e+01
1.980000e+02 2.683564e-03 7.201517e-06 1.238877e+03 3.614658e+01
1.990000e+02 2.679946e-03 7.182111e-06 1.241008e+03 3.678365e+01
