**************************************************
*            H E D A C   s e a r c h             *
**************************************************
Started on: 2024-11-19 17:20:45.162611

Parameters:
         method: hedac
          x_min:      0.000
          x_max:    456.000
             dx:      1.000
          y_min:      0.000
          y_max:    478.000
             dy:      1.000

          alpha:      1.000
           beta:      0.500
          gamma:      0.100
          kappa:      0.000
             nu:      0.001
        sigma_m:      1.000
        sigma_c:      2.000
       sigma_ac:      0.100
         source:          difsource

         agents:         40
                   65.000,    111.000
                  272.000,    304.000
                  186.000,    281.000
                   86.000,    216.000
                  254.000,    146.000
                  390.000,    140.000
                  272.000,    470.000
                  172.000,     25.000
                  189.000,    182.000
                  200.000,      8.000
                  259.000,    256.000
                  341.000,     90.000
                   22.000,     30.000
                   91.000,    259.000
                   46.000,     32.000
                   78.000,    176.000
                  274.000,    318.000
                  266.000,    466.000
                  216.000,    154.000
                  184.000,    188.000
                  200.000,    114.000
                   67.000,    155.000
                  140.000,    242.000
                  162.000,    273.000
                   49.000,    212.000
                  399.000,    133.000
                  164.000,     98.000
                  243.000,    120.000
                  261.000,    111.000
                  260.000,    239.000
                  192.000,    224.000
                  308.000,     51.000
                   47.000,     37.000
                   13.000,     41.000
                  175.000,    402.000
                  165.000,    279.000
                  263.000,    239.000
                  353.000,    120.000
                   55.000,    226.000
                  340.000,     81.000
