**************************************************
*            H E D A C   s e a r c h             *
**************************************************
Started on: 2024-11-19 13:48:55.161894

Parameters:
         method: hedac
          x_min:      0.000
          x_max:    193.000
             dx:      1.000
          y_min:      0.000
          y_max:    226.000
             dy:      1.000

          alpha:      1.000
           beta:      0.500
          gamma:      0.100
          kappa:      0.000
             nu:      0.001
        sigma_m:      1.000
        sigma_c:      2.000
       sigma_ac:      0.100
         source:          difsource

         agents:         40
                  149.000,     32.000
                   55.000,    217.000
                   86.000,     89.000
                   89.000,    116.000
                   90.000,    177.000
                   78.000,    142.000
                  152.000,    108.000
                   86.000,    150.000
                   81.000,    135.000
                  152.000,    141.000
                   47.000,    208.000
                  145.000,    101.000
                  104.000,     88.000
                  174.000,     59.000
                  158.000,    110.000
                  126.000,    177.000
                  146.000,    142.000
                   53.000,    212.000
                   54.000,    208.000
                  114.000,     67.000
                  153.000,    192.000
                  141.000,     67.000
                  123.000,     12.000
                  121.000,    177.000
                   95.000,    133.000
                   92.000,    145.000
                   89.000,    133.000
                  101.000,    129.000
                  144.000,    160.000
                  134.000,     75.000
                  108.000,     62.000
                  149.000,     35.000
                  147.000,    146.000
                  141.000,    155.000
                   52.000,    215.000
                  132.000,     92.000
                  188.000,     72.000
                  146.000,     56.000
                  132.000,     82.000
                   71.000,    133.000
