**************************************************
*            H E D A C   s e a r c h             *
**************************************************
Started on: 2024-11-05 16:01:06.819360

Parameters:
         method: hedac
          x_min:      0.000
          x_max:    226.000
             dx:      1.000
          y_min:      0.000
          y_max:    315.000
             dy:      1.000

          alpha:      1.000
           beta:      0.500
          gamma:      0.100
          kappa:      0.000
             nu:      0.001
        sigma_m:      1.000
        sigma_c:      2.000
       sigma_ac:      0.100
         source:          difsource

         agents:         40
                   87.000,    236.000
                    8.000,    234.000
                  143.000,    168.000
                  167.000,    206.000
                  148.000,     19.000
                  106.000,    222.000
                  141.000,    130.000
                  203.000,    124.000
                  172.000,     94.000
                  142.000,    176.000
                   33.000,    229.000
                  154.000,    178.000
                   18.000,    235.000
                  120.000,    241.000
                  138.000,    135.000
                  175.000,    140.000
                   35.000,    217.000
                  111.000,    118.000
                  108.000,    265.000
                  157.000,     47.000
                   95.000,    284.000
                  166.000,     81.000
                   60.000,    212.000
                   51.000,    211.000
                  117.000,    244.000
                  166.000,    101.000
                  176.000,     71.000
                   51.000,    209.000
                   37.000,    213.000
                   20.000,    225.000
                  124.000,    104.000
                  218.000,    130.000
                  147.000,    185.000
                  145.000,    212.000
                  137.000,     87.000
                  155.000,     38.000
                  153.000,    131.000
                  179.000,    149.000
                  163.000,    213.000
                  103.000,    128.000
