**************************************************
*            H E D A C   s e a r c h             *
**************************************************
Started on: 2024-11-19 13:48:55.172124

Parameters:
         method: hedac
          x_min:      0.000
          x_max:    193.000
             dx:      1.000
          y_min:      0.000
          y_max:    226.000
             dy:      1.000

          alpha:      1.000
           beta:      0.500
          gamma:      0.100
          kappa:      0.000
             nu:      0.001
        sigma_m:      1.000
        sigma_c:      2.000
       sigma_ac:      0.100
         source:          difsource

         agents:         40
                  118.000,      4.000
                   66.000,    129.000
                  167.000,    129.000
                  123.000,     92.000
                  121.000,    176.000
                  165.000,    196.000
                   20.000,    199.000
                  131.000,    201.000
                   99.000,     67.000
                   30.000,    190.000
                  124.000,    134.000
                   56.000,    209.000
                  181.000,     68.000
                   78.000,     81.000
                  160.000,    121.000
                   60.000,    214.000
                   64.000,    179.000
                  139.000,     72.000
                  114.000,     72.000
                   85.000,     57.000
                  123.000,     91.000
                  139.000,     71.000
                  148.000,    106.000
                   63.000,    131.000
                  148.000,    147.000
                   49.000,    208.000
                  105.000,     66.000
                   91.000,     51.000
                  174.000,    107.000
                  131.000,    132.000
                   25.000,    193.000
                   93.000,     93.000
                   93.000,    144.000
                   46.000,    188.000
                  170.000,    114.000
                   51.000,    211.000
                   60.000,    166.000
                   81.000,    175.000
                  150.000,    131.000
                  173.000,    104.000
