**************************************************
*            H E D A C   s e a r c h             *
**************************************************
Started on: 2024-11-19 17:21:19.815322

Parameters:
         method: hedac
          x_min:      0.000
          x_max:    456.000
             dx:      1.000
          y_min:      0.000
          y_max:    478.000
             dy:      1.000

          alpha:      1.000
           beta:      0.500
          gamma:      0.100
          kappa:      0.000
             nu:      0.001
        sigma_m:      1.000
        sigma_c:      2.000
       sigma_ac:      0.100
         source:          difsource

         agents:         40
                  213.000,    146.000
                  399.000,    139.000
                  239.000,    304.000
                  268.000,     46.000
                  180.000,    305.000
                  349.000,    107.000
                   90.000,    228.000
                  153.000,     94.000
                   74.000,     60.000
                  189.000,    199.000
                  429.000,    157.000
                   72.000,     97.000
                  260.000,     40.000
                  206.000,      4.000
                  262.000,    214.000
                  143.000,    287.000
                  344.000,     89.000
                  144.000,    264.000
                  378.000,    131.000
                  147.000,    246.000
                  165.000,    327.000
                   67.000,    242.000
                  165.000,     44.000
                  145.000,    262.000
                  283.000,     47.000
                  100.000,     51.000
                  174.000,     33.000
                  216.000,    148.000
                  136.000,    113.000
                  215.000,    449.000
                   49.000,    233.000
                  251.000,    294.000
                  129.000,    273.000
                    7.000,     31.000
                  167.000,    407.000
                  197.000,    105.000
                  246.000,    107.000
                  154.000,    244.000
                  261.000,    249.000
                  211.000,    232.000
