           t           E1           E2           E3           E4
0.000000e+00 2.544612e-02 6.475051e-04 3.629579e+03 1.419893e+02
1.000000e+00 2.508842e-02 6.294287e-04 3.596703e+03 1.384144e+02
2.000000e+00 2.450441e-02 6.004659e-04 3.565008e+03 1.349004e+02
3.000000e+00 2.375534e-02 5.643162e-04 3.534500e+03 1.306090e+02
4.000000e+00 2.287550e-02 5.232887e-04 3.503897e+03 1.230604e+02
5.000000e+00 2.190803e-02 4.799616e-04 3.471656e+03 1.157033e+02
6.000000e+00 2.089197e-02 4.364745e-04 3.436686e+03 1.048952e+02
7.000000e+00 1.987342e-02 3.949530e-04 3.398232e+03 9.327353e+01
8.000000e+00 1.890976e-02 3.575792e-04 3.356666e+03 8.402649e+01
9.000000e+00 1.802853e-02 3.250280e-04 3.312580e+03 7.538782e+01
1.000000e+01 1.723316e-02 2.969817e-04 3.266562e+03 6.775285e+01
1.100000e+01 1.652391e-02 2.730395e-04 3.219517e+03 6.122631e+01
1.200000e+01 1.589598e-02 2.526823e-04 3.174077e+03 5.567538e+01
1.300000e+01 1.532202e-02 2.347644e-04 3.131396e+03 5.110576e+01
1.400000e+01 1.477843e-02 2.184019e-04 3.090756e+03 5.173188e+01
1.500000e+01 1.425410e-02 2.031794e-04 3.051484e+03 5.090174e+01
1.600000e+01 1.374706e-02 1.889817e-04 3.013404e+03 4.925855e+01
1.700000e+01 1.326069e-02 1.758459e-04 2.976533e+03 4.759696e+01
1.800000e+01 1.279879e-02 1.638091e-04 2.941185e+03 4.539093e+01
1.900000e+01 1.236602e-02 1.529185e-04 2.907892e+03 4.302636e+01
2.000000e+01 1.196460e-02 1.431517e-04 2.876968e+03 4.063619e+01
2.100000e+01 1.159454e-02 1.344334e-04 2.848554e+03 3.836846e+01
2.200000e+01 1.125129e-02 1.265915e-04 2.822588e+03 3.633665e+01
2.300000e+01 1.093015e-02 1.194681e-04 2.799064e+03 3.440249e+01
2.400000e+01 1.062837e-02 1.129622e-04 2.778030e+03 3.286814e+01
2.500000e+01 1.034491e-02 1.070171e-04 2.759363e+03 3.157443e+01
2.600000e+01 1.007959e-02 1.015981e-04 2.742814e+03 3.017271e+01
2.700000e+01 9.834577e-03 9.671890e-05 2.728189e+03 2.878888e+01
2.800000e+01 9.612692e-03 9.240385e-05 2.715315e+03 2.746816e+01
2.900000e+01 9.415183e-03 8.864567e-05 2.704150e+03 2.619260e+01
3.000000e+01 9.240145e-03 8.538028e-05 2.694490e+03 2.617734e+01
3.100000e+01 9.082417e-03 8.249031e-05 2.686251e+03 2.719578e+01
3.200000e+01 8.936574e-03 7.986236e-05 2.679521e+03 2.740324e+01
3.300000e+01 8.801675e-03 7.746949e-05 2.674597e+03 2.690956e+01
3.400000e+01 8.675972e-03 7.527249e-05 2.671611e+03 2.606166e+01
3.500000e+01 8.559170e-03 7.325938e-05 2.670051e+03 2.512139e+01
3.600000e+01 8.451386e-03 7.142593e-05 2.668989e+03 2.418615e+01
3.700000e+01 8.353275e-03 6.977721e-05 2.667761e+03 2.383346e+01
3.800000e+01 8.261176e-03 6.824704e-05 2.666607e+03 2.459843e+01
3.900000e+01 8.171505e-03 6.677350e-05 2.665219e+03 2.451448e+01
4.000000e+01 8.082130e-03 6.532082e-05 2.663190e+03 2.400659e+01
4.100000e+01 7.990876e-03 6.385410e-05 2.660449e+03 2.370974e+01
4.200000e+01 7.896337e-03 6.235215e-05 2.656921e+03 2.374284e+01
4.300000e+01 7.798937e-03 6.082342e-05 2.652238e+03 2.369424e+01
4.400000e+01 7.700281e-03 5.929432e-05 2.645928e+03 2.478391e+01
4.500000e+01 7.601540e-03 5.778342e-05 2.637852e+03 2.530657e+01
4.600000e+01 7.505383e-03 5.633077e-05 2.627989e+03 2.552221e+01
4.700000e+01 7.415195e-03 5.498511e-05 2.616245e+03 2.548499e+01
4.800000e+01 7.332289e-03 5.376246e-05 2.602654e+03 2.507263e+01
4.900000e+01 7.256142e-03 5.265160e-05 2.587594e+03 2.452940e+01
5.000000e+01 7.183088e-03 5.159676e-05 2.571046e+03 2.391037e+01
5.100000e+01 7.110202e-03 5.055497e-05 2.552936e+03 2.326497e+01
5.200000e+01 7.035364e-03 4.949635e-05 2.533235e+03 2.263171e+01
5.300000e+01 6.957065e-03 4.840076e-05 2.511787e+03 2.202066e+01
5.400000e+01 6.874336e-03 4.725649e-05 2.489021e+03 2.143268e+01
5.500000e+01 6.787437e-03 4.606930e-05 2.467004e+03 2.086485e+01
5.600000e+01 6.696309e-03 4.484055e-05 2.446216e+03 2.031583e+01
5.700000e+01 6.600771e-03 4.357017e-05 2.426030e+03 1.978539e+01
5.800000e+01 6.501897e-03 4.227467e-05 2.406109e+03 1.927297e+01
5.900000e+01 6.401253e-03 4.097604e-05 2.386480e+03 1.877780e+01
6.000000e+01 6.300053e-03 3.969067e-05 2.367418e+03 1.829906e+01
6.100000e+01 6.200206e-03 3.844255e-05 2.349410e+03 1.783596e+01
6.200000e+01 6.104787e-03 3.726842e-05 2.332778e+03 1.738774e+01
6.300000e+01 6.017776e-03 3.621363e-05 2.317474e+03 1.695370e+01
6.400000e+01 5.941618e-03 3.530283e-05 2.303589e+03 1.653318e+01
6.500000e+01 5.875598e-03 3.452265e-05 2.291143e+03 1.612555e+01
6.600000e+01 5.817171e-03 3.383947e-05 2.280230e+03 1.573024e+01
6.700000e+01 5.763999e-03 3.322369e-05 2.270676e+03 1.534673e+01
6.800000e+01 5.714935e-03 3.266049e-05 2.262295e+03 1.497456e+01
6.900000e+01 5.669227e-03 3.214014e-05 2.255023e+03 1.461344e+01
7.000000e+01 5.624585e-03 3.163596e-05 2.248802e+03 1.426329e+01
7.100000e+01 5.579477e-03 3.113057e-05 2.243319e+03 1.392423e+01
7.200000e+01 5.534528e-03 3.063100e-05 2.238209e+03 1.398706e+01
7.300000e+01 5.491601e-03 3.015768e-05 2.234157e+03 1.439293e+01
7.400000e+01 5.451731e-03 2.972137e-05 2.231204e+03 1.445472e+01
7.500000e+01 5.413472e-03 2.930568e-05 2.228977e+03 1.442958e+01
7.600000e+01 5.376639e-03 2.890825e-05 2.227311e+03 1.422331e+01
7.700000e+01 5.342010e-03 2.853707e-05 2.226454e+03 1.394378e+01
7.800000e+01 5.309519e-03 2.819100e-05 2.226597e+03 1.429365e+01
7.900000e+01 5.278973e-03 2.786756e-05 2.227709e+03 1.460685e+01
8.000000e+01 5.249320e-03 2.755536e-05 2.229482e+03 1.502517e+01
8.100000e+01 5.219325e-03 2.724135e-05 2.231720e+03 1.512809e+01
8.200000e+01 5.189740e-03 2.693340e-05 2.234478e+03 1.504058e+01
8.300000e+01 5.163079e-03 2.665739e-05 2.237865e+03 1.496044e+01
8.400000e+01 5.142167e-03 2.644188e-05 2.241895e+03 1.487398e+01
8.500000e+01 5.127502e-03 2.629128e-05 2.246405e+03 1.473161e+01
8.600000e+01 5.118116e-03 2.619512e-05 2.251347e+03 1.456268e+01
8.700000e+01 5.112353e-03 2.613616e-05 2.256612e+03 1.438641e+01
8.800000e+01 5.108975e-03 2.610163e-05 2.262174e+03 1.421132e+01
8.900000e+01 5.107774e-03 2.608935e-05 2.268205e+03 1.403912e+01
9.000000e+01 5.111107e-03 2.612342e-05 2.274622e+03 1.387085e+01
9.100000e+01 5.119908e-03 2.621346e-05 2.281268e+03 1.376657e+01
9.200000e+01 5.134309e-03 2.636113e-05 2.288178e+03 1.416017e+01
9.300000e+01 5.152171e-03 2.654487e-05 2.295176e+03 1.492049e+01
9.400000e+01 5.169639e-03 2.672517e-05 2.302090e+03 1.574500e+01
9.500000e+01 5.183230e-03 2.686587e-05 2.308925e+03 1.641099e+01
9.600000e+01 5.191302e-03 2.694962e-05 2.315503e+03 1.680586e+01
9.700000e+01 5.194540e-03 2.698325e-05 2.321937e+03 1.694634e+01
9.800000e+01 5.194698e-03 2.698489e-05 2.328300e+03 1.690558e+01
9.900000e+01 5.192118e-03 2.695808e-05 2.334464e+03 1.680520e+01
1.000000e+02 5.187211e-03 2.690716e-05 2.340466e+03 1.669772e+01
1.010000e+02 5.181300e-03 2.684587e-05 2.346535e+03 1.659645e+01
1.020000e+02 5.175351e-03 2.678425e-05 2.352415e+03 1.643081e+01
1.030000e+02 5.169059e-03 2.671917e-05 2.357850e+03 1.623659e+01
1.040000e+02 5.161374e-03 2.663978e-05 2.362431e+03 1.603414e+01
1.050000e+02 5.151895e-03 2.654202e-05 2.366862e+03 1.584007e+01
1.060000e+02 5.141109e-03 2.643101e-05 2.371481e+03 1.568306e+01
1.070000e+02 5.130102e-03 2.631795e-05 2.376051e+03 1.552858e+01
1.080000e+02 5.119923e-03 2.621361e-05 2.380524e+03 1.537677e+01
1.090000e+02 5.111548e-03 2.612793e-05 2.384707e+03 1.522767e+01
1.100000e+02 5.105401e-03 2.606512e-05 2.388303e+03 1.508126e+01
1.110000e+02 5.101299e-03 2.602325e-05 2.391538e+03 1.493748e+01
1.120000e+02 5.097782e-03 2.598738e-05 2.394229e+03 1.479627e+01
1.130000e+02 5.093663e-03 2.594541e-05 2.396317e+03 1.465756e+01
1.140000e+02 5.088339e-03 2.589119e-05 2.397676e+03 1.452127e+01
1.150000e+02 5.081461e-03 2.582124e-05 2.398310e+03 1.438735e+01
1.160000e+02 5.072988e-03 2.573521e-05 2.398198e+03 1.425574e+01
1.170000e+02 5.062924e-03 2.563320e-05 2.397261e+03 1.412638e+01
1.180000e+02 5.050959e-03 2.551219e-05 2.395417e+03 1.414114e+01
1.190000e+02 5.037053e-03 2.537190e-05 2.392780e+03 1.417941e+01
1.200000e+02 5.022077e-03 2.522125e-05 2.389404e+03 1.425370e+01
1.210000e+02 5.006398e-03 2.506402e-05 2.385410e+03 1.435001e+01
1.220000e+02 4.989460e-03 2.489471e-05 2.380715e+03 1.435309e+01
1.230000e+02 4.971056e-03 2.471140e-05 2.375298e+03 1.436159e+01
1.240000e+02 4.952493e-03 2.452719e-05 2.369383e+03 1.447996e+01
1.250000e+02 4.934756e-03 2.435182e-05 2.363036e+03 1.473928e+01
1.260000e+02 4.917922e-03 2.418596e-05 2.356164e+03 1.510849e+01
1.270000e+02 4.901809e-03 2.402774e-05 2.348795e+03 1.560052e+01
1.280000e+02 4.885563e-03 2.386873e-05 2.340825e+03 1.601483e+01
1.290000e+02 4.868696e-03 2.370420e-05 2.332172e+03 1.633313e+01
1.300000e+02 4.852280e-03 2.354462e-05 2.322906e+03 1.678259e+01
1.310000e+02 4.836385e-03 2.339062e-05 2.313017e+03 1.730350e+01
1.320000e+02 4.820398e-03 2.323623e-05 2.302528e+03 1.779952e+01
1.330000e+02 4.803724e-03 2.307577e-05 2.291377e+03 1.814767e+01
1.340000e+02 4.786008e-03 2.290587e-05 2.279451e+03 1.830109e+01
1.350000e+02 4.767320e-03 2.272734e-05 2.266744e+03 1.829864e+01
1.360000e+02 4.749583e-03 2.255854e-05 2.253486e+03 1.832335e+01
1.370000e+02 4.731994e-03 2.239177e-05 2.239755e+03 1.831564e+01
1.380000e+02 4.714742e-03 2.222879e-05 2.225607e+03 1.829810e+01
1.390000e+02 4.697599e-03 2.206744e-05 2.211134e+03 1.828536e+01
1.400000e+02 4.681027e-03 2.191201e-05 2.196445e+03 1.834384e+01
1.410000e+02 4.664979e-03 2.176203e-05 2.181526e+03 1.857076e+01
1.420000e+02 4.648137e-03 2.160518e-05 2.166368e+03 1.886683e+01
1.430000e+02 4.629607e-03 2.143327e-05 2.150998e+03 1.908135e+01
1.440000e+02 4.609150e-03 2.124426e-05 2.135512e+03 1.914515e+01
1.450000e+02 4.588790e-03 2.105699e-05 2.120153e+03 1.929679e+01
1.460000e+02 4.568809e-03 2.087401e-05 2.104936e+03 1.953743e+01
1.470000e+02 4.548666e-03 2.069036e-05 2.089757e+03 1.963854e+01
1.480000e+02 4.528356e-03 2.050601e-05 2.074475e+03 1.962677e+01
1.490000e+02 4.507580e-03 2.031827e-05 2.058993e+03 1.954050e+01
1.500000e+02 4.486827e-03 2.013161e-05 2.043285e+03 1.944027e+01
1.510000e+02 4.466275e-03 1.994761e-05 2.027207e+03 1.934733e+01
1.520000e+02 4.446421e-03 1.977066e-05 2.010517e+03 1.929781e+01
1.530000e+02 4.427533e-03 1.960305e-05 1.993276e+03 1.935072e+01
1.540000e+02 4.409431e-03 1.944308e-05 1.976520e+03 1.952667e+01
1.550000e+02 4.391421e-03 1.928457e-05 1.960255e+03 1.972951e+01
1.560000e+02 4.372463e-03 1.911843e-05 1.944053e+03 1.984635e+01
1.570000e+02 4.352741e-03 1.894635e-05 1.927717e+03 2.003859e+01
1.580000e+02 4.332311e-03 1.876892e-05 1.911231e+03 2.012248e+01
1.590000e+02 4.311554e-03 1.858949e-05 1.894628e+03 2.010744e+01
1.600000e+02 4.291179e-03 1.841422e-05 1.878043e+03 2.003217e+01
1.610000e+02 4.272011e-03 1.825008e-05 1.861354e+03 1.994053e+01
1.620000e+02 4.253754e-03 1.809442e-05 1.844518e+03 1.983211e+01
1.630000e+02 4.235761e-03 1.794167e-05 1.827667e+03 1.971374e+01
1.640000e+02 4.217559e-03 1.778780e-05 1.810869e+03 1.959397e+01
1.650000e+02 4.198908e-03 1.763083e-05 1.794198e+03 1.947496e+01
1.660000e+02 4.179806e-03 1.747078e-05 1.777621e+03 1.935710e+01
1.670000e+02 4.160567e-03 1.731031e-05 1.761043e+03 1.924049e+01
1.680000e+02 4.141686e-03 1.715356e-05 1.744377e+03 1.912518e+01
1.690000e+02 4.123517e-03 1.700340e-05 1.727609e+03 1.901122e+01
1.700000e+02 4.106121e-03 1.686023e-05 1.710739e+03 1.889859e+01
1.710000e+02 4.089485e-03 1.672389e-05 1.693785e+03 1.878728e+01
1.720000e+02 4.073721e-03 1.659520e-05 1.676771e+03 1.867727e+01
1.730000e+02 4.058709e-03 1.647312e-05 1.659695e+03 1.856852e+01
1.740000e+02 4.044225e-03 1.635576e-05 1.642576e+03 1.846102e+01
1.750000e+02 4.030367e-03 1.624386e-05 1.625435e+03 1.835476e+01
1.760000e+02 4.016731e-03 1.613412e-05 1.608229e+03 1.824970e+01
1.770000e+02 4.002787e-03 1.602230e-05 1.590901e+03 1.814582e+01
1.780000e+02 3.988638e-03 1.590924e-05 1.573418e+03 1.804312e+01
1.790000e+02 3.974457e-03 1.579631e-05 1.555773e+03 1.794156e+01
1.800000e+02 3.960320e-03 1.568413e-05 1.537989e+03 1.784113e+01
1.810000e+02 3.946263e-03 1.557299e-05 1.520155e+03 1.774181e+01
1.820000e+02 3.932104e-03 1.546144e-05 1.502334e+03 1.764358e+01
1.830000e+02 3.917727e-03 1.534859e-05 1.484557e+03 1.754643e+01
1.840000e+02 3.903211e-03 1.523506e-05 1.466860e+03 1.745033e+01
1.850000e+02 3.888386e-03 1.511955e-05 1.449221e+03 1.735526e+01
1.860000e+02 3.872806e-03 1.499862e-05 1.431662e+03 1.726123e+01
1.870000e+02 3.855956e-03 1.486840e-05 1.414161e+03 1.716819e+01
1.880000e+02 3.837674e-03 1.472774e-05 1.396734e+03 1.707615e+01
1.890000e+02 3.818354e-03 1.457983e-05 1.379398e+03 1.698508e+01
1.900000e+02 3.798872e-03 1.443143e-05 1.362185e+03 1.689497e+01
1.910000e+02 3.779762e-03 1.428660e-05 1.345093e+03 1.680580e+01
1.920000e+02 3.761612e-03 1.414972e-05 1.328126e+03 1.671756e+01
1.930000e+02 3.744276e-03 1.401960e-05 1.311296e+03 1.663024e+01
1.940000e+02 3.727168e-03 1.389178e-05 1.294570e+03 1.654382e+01
1.950000e+02 3.709860e-03 1.376306e-05 1.277946e+03 1.645828e+01
1.960000e+02 3.692053e-03 1.363126e-05 1.261444e+03 1.637361e+01
1.970000e+02 3.673829e-03 1.349702e-05 1.245052e+03 1.628982e+01
1.980000e+02 3.655737e-03 1.336441e-05 1.228785e+03 1.620689e+01
1.990000e+02 3.638387e-03 1.323786e-05 1.212750e+03 1.612488e+01
