**************************************************
*            H E D A C   s e a r c h             *
**************************************************
Started on: 2024-11-01 10:42:49.600427

Parameters:
         method: hedac
          x_min:      0.000
          x_max:    226.000
             dx:      1.000
          y_min:      0.000
          y_max:    315.000
             dy:      1.000

          alpha:      1.000
           beta:      0.500
          gamma:      0.100
          kappa:      0.000
             nu:      0.001
        sigma_m:      1.000
        sigma_c:      2.000
       sigma_ac:      0.100
         source:          difsource

         agents:         40
                  166.000,    148.000
                  206.000,    123.000
                   33.000,    232.000
                  125.000,    118.000
                  214.000,    131.000
                   44.000,    202.000
                   42.000,    204.000
                   80.000,    190.000
                   37.000,    217.000
                   97.000,    225.000
                   43.000,    206.000
                  175.000,    140.000
                  187.000,      9.000
                   86.000,    232.000
                   93.000,    122.000
                  167.000,    113.000
                  117.000,    223.000
                  173.000,    117.000
                   39.000,    221.000
                   33.000,    201.000
                  173.000,    131.000
                  171.000,    133.000
                  173.000,    119.000
                  128.000,    239.000
                  144.000,    227.000
                  175.000,     73.000
                   29.000,    210.000
                  113.000,    124.000
                  161.000,     76.000
                   67.000,    301.000
                  134.000,    238.000
                  167.000,    197.000
                   48.000,    254.000
                  161.000,    124.000
                  135.000,    228.000
                   28.000,    225.000
                  150.000,    152.000
                   56.000,    225.000
                   60.000,    251.000
                   45.000,    215.000
