           t           E1           E2           E3           E4
0.000000e+00 2.614134e-02 6.833697e-04 2.333683e+03 1.625152e+02
1.000000e+00 2.570439e-02 6.607158e-04 2.320005e+03 1.506440e+02
2.000000e+00 2.502971e-02 6.264866e-04 2.305479e+03 1.444231e+02
3.000000e+00 2.417458e-02 5.844102e-04 2.289583e+03 1.330913e+02
4.000000e+00 2.320351e-02 5.384028e-04 2.272185e+03 1.254591e+02
5.000000e+00 2.216592e-02 4.913279e-04 2.253857e+03 1.147671e+02
6.000000e+00 2.111341e-02 4.457761e-04 2.235083e+03 1.055948e+02
7.000000e+00 2.008200e-02 4.032866e-04 2.215242e+03 9.633660e+01
8.000000e+00 1.909422e-02 3.645891e-04 2.193964e+03 8.732938e+01
9.000000e+00 1.817204e-02 3.302232e-04 2.171218e+03 7.958635e+01
1.000000e+01 1.733156e-02 3.003828e-04 2.146957e+03 7.332955e+01
1.100000e+01 1.656985e-02 2.745599e-04 2.121715e+03 6.798824e+01
1.200000e+01 1.587317e-02 2.519575e-04 2.095769e+03 6.276061e+01
1.300000e+01 1.523170e-02 2.320048e-04 2.069088e+03 5.836258e+01
1.400000e+01 1.463720e-02 2.142477e-04 2.042080e+03 5.512367e+01
1.500000e+01 1.408296e-02 1.983297e-04 2.015291e+03 5.273472e+01
1.600000e+01 1.356578e-02 1.840304e-04 1.988971e+03 5.049219e+01
1.700000e+01 1.308810e-02 1.712983e-04 1.963324e+03 4.863482e+01
1.800000e+01 1.265580e-02 1.601693e-04 1.938674e+03 4.627882e+01
1.900000e+01 1.226809e-02 1.505061e-04 1.915007e+03 4.373203e+01
2.000000e+01 1.191232e-02 1.419034e-04 1.892186e+03 4.122579e+01
2.100000e+01 1.157790e-02 1.340478e-04 1.870115e+03 3.887795e+01
2.200000e+01 1.126277e-02 1.268500e-04 1.848818e+03 3.671878e+01
2.300000e+01 1.096486e-02 1.202283e-04 1.828123e+03 3.474032e+01
2.400000e+01 1.068453e-02 1.141592e-04 1.807726e+03 3.292418e+01
2.500000e+01 1.042521e-02 1.086849e-04 1.787492e+03 3.125179e+01
2.600000e+01 1.019025e-02 1.038413e-04 1.767490e+03 2.970683e+01
2.700000e+01 9.981659e-03 9.963351e-05 1.747895e+03 2.827530e+01
2.800000e+01 9.799617e-03 9.603249e-05 1.728498e+03 2.694513e+01
2.900000e+01 9.638006e-03 9.289116e-05 1.708993e+03 2.570603e+01
3.000000e+01 9.487870e-03 9.001968e-05 1.689455e+03 2.454921e+01
3.100000e+01 9.343305e-03 8.729735e-05 1.669940e+03 2.460884e+01
3.200000e+01 9.201666e-03 8.467066e-05 1.650570e+03 2.494369e+01
3.300000e+01 9.063171e-03 8.214107e-05 1.630889e+03 2.499604e+01
3.400000e+01 8.930038e-03 7.974558e-05 1.610779e+03 2.454919e+01
3.500000e+01 8.804410e-03 7.751763e-05 1.590431e+03 2.385726e+01
3.600000e+01 8.683419e-03 7.540177e-05 1.570076e+03 2.411456e+01
3.700000e+01 8.561502e-03 7.329932e-05 1.549924e+03 2.421587e+01
3.800000e+01 8.434823e-03 7.114623e-05 1.530061e+03 2.418773e+01
3.900000e+01 8.303014e-03 6.894005e-05 1.510451e+03 2.369246e+01
4.000000e+01 8.168685e-03 6.672742e-05 1.491159e+03 2.300305e+01
4.100000e+01 8.035923e-03 6.457606e-05 1.472285e+03 2.229084e+01
4.200000e+01 7.907805e-03 6.253339e-05 1.453776e+03 2.161918e+01
4.300000e+01 7.786209e-03 6.062505e-05 1.435524e+03 2.094385e+01
4.400000e+01 7.672270e-03 5.886373e-05 1.417278e+03 2.029086e+01
4.500000e+01 7.567417e-03 5.726580e-05 1.398624e+03 1.966541e+01
4.600000e+01 7.470694e-03 5.581126e-05 1.379446e+03 1.906677e+01
4.700000e+01 7.379428e-03 5.445596e-05 1.359831e+03 1.849334e+01
4.800000e+01 7.290893e-03 5.315712e-05 1.339889e+03 1.794362e+01
4.900000e+01 7.203811e-03 5.189490e-05 1.319727e+03 1.741624e+01
5.000000e+01 7.119875e-03 5.069261e-05 1.299417e+03 1.690988e+01
5.100000e+01 7.041063e-03 4.957657e-05 1.279143e+03 1.642337e+01
5.200000e+01 6.968329e-03 4.855761e-05 1.259214e+03 1.595573e+01
5.300000e+01 6.900928e-03 4.762280e-05 1.239932e+03 1.550628e+01
5.400000e+01 6.837865e-03 4.675640e-05 1.221661e+03 1.507464e+01
5.500000e+01 6.777714e-03 4.593740e-05 1.204761e+03 1.466054e+01
5.600000e+01 6.719072e-03 4.514593e-05 1.188422e+03 1.426184e+01
5.700000e+01 6.660346e-03 4.436020e-05 1.172034e+03 1.428328e+01
5.800000e+01 6.599572e-03 4.355435e-05 1.155607e+03 1.494199e+01
5.900000e+01 6.535948e-03 4.271862e-05 1.139135e+03 1.539684e+01
6.000000e+01 6.469377e-03 4.185284e-05 1.122587e+03 1.572956e+01
6.100000e+01 6.400562e-03 4.096720e-05 1.105747e+03 1.580652e+01
6.200000e+01 6.330944e-03 4.008085e-05 1.088405e+03 1.572421e+01
6.300000e+01 6.262294e-03 3.921633e-05 1.070397e+03 1.558411e+01
6.400000e+01 6.196260e-03 3.839363e-05 1.051814e+03 1.542918e+01
6.500000e+01 6.131697e-03 3.759771e-05 1.033311e+03 1.521948e+01
6.600000e+01 6.067846e-03 3.681876e-05 1.015149e+03 1.496748e+01
6.700000e+01 6.005208e-03 3.606252e-05 9.972665e+02 1.470572e+01
6.800000e+01 5.944740e-03 3.533993e-05 9.795910e+02 1.568264e+01
6.900000e+01 5.886786e-03 3.465425e-05 9.620178e+02 1.662750e+01
7.000000e+01 5.831944e-03 3.401157e-05 9.449064e+02 1.721808e+01
7.100000e+01 5.779988e-03 3.340827e-05 9.284816e+02 1.750967e+01
7.200000e+01 5.729868e-03 3.283138e-05 9.126231e+02 1.762006e+01
7.300000e+01 5.680656e-03 3.226985e-05 8.971956e+02 1.743174e+01
7.400000e+01 5.632276e-03 3.172253e-05 8.821010e+02 1.712450e+01
7.500000e+01 5.584485e-03 3.118648e-05 8.673129e+02 1.678417e+01
7.600000e+01 5.536958e-03 3.065790e-05 8.528489e+02 1.644181e+01
7.700000e+01 5.489679e-03 3.013657e-05 8.386397e+02 1.610609e+01
7.800000e+01 5.443053e-03 2.962683e-05 8.246220e+02 1.577862e+01
7.900000e+01 5.397500e-03 2.913300e-05 8.107772e+02 1.545938e+01
8.000000e+01 5.353349e-03 2.865834e-05 7.971060e+02 1.514812e+01
8.100000e+01 5.311434e-03 2.821133e-05 7.836265e+02 1.484452e+01
8.200000e+01 5.272399e-03 2.779819e-05 7.703352e+02 1.454832e+01
8.300000e+01 5.236037e-03 2.741608e-05 7.572212e+02 1.425925e+01
8.400000e+01 5.201698e-03 2.705767e-05 7.442874e+02 1.397705e+01
8.500000e+01 5.168394e-03 2.671230e-05 7.315363e+02 1.370148e+01
8.600000e+01 5.135000e-03 2.636823e-05 7.189572e+02 1.343232e+01
8.700000e+01 5.100313e-03 2.601320e-05 7.065396e+02 1.316933e+01
8.800000e+01 5.063566e-03 2.563970e-05 6.942830e+02 1.291232e+01
8.900000e+01 5.024680e-03 2.524741e-05 6.821785e+02 1.266109e+01
9.000000e+01 4.983999e-03 2.484025e-05 6.702251e+02 1.241549e+01
9.100000e+01 4.941592e-03 2.441933e-05 6.584486e+02 1.217541e+01
9.200000e+01 4.897300e-03 2.398354e-05 6.469273e+02 1.194091e+01
9.300000e+01 4.851167e-03 2.353382e-05 6.357955e+02 1.171215e+01
9.400000e+01 4.803628e-03 2.307484e-05 6.252015e+02 1.148936e+01
9.500000e+01 4.755501e-03 2.261479e-05 6.147889e+02 1.127155e+01
9.600000e+01 4.707866e-03 2.216400e-05 6.041165e+02 1.105750e+01
9.700000e+01 4.661786e-03 2.173225e-05 5.931554e+02 1.084698e+01
9.800000e+01 4.617844e-03 2.132448e-05 5.820769e+02 1.064019e+01
9.900000e+01 4.576119e-03 2.094087e-05 5.710442e+02 1.043732e+01
1.000000e+02 4.536619e-03 2.058091e-05 5.601518e+02 1.023839e+01
1.010000e+02 4.499638e-03 2.024674e-05 5.494188e+02 1.004335e+01
1.020000e+02 4.465568e-03 1.994129e-05 5.388303e+02 9.852131e+00
1.030000e+02 4.434570e-03 1.966541e-05 5.283619e+02 9.664643e+00
1.040000e+02 4.406926e-03 1.942100e-05 5.179976e+02 9.480776e+00
1.050000e+02 4.381726e-03 1.919952e-05 5.077336e+02 9.300429e+00
1.060000e+02 4.358484e-03 1.899638e-05 4.975462e+02 9.123490e+00
1.070000e+02 4.337294e-03 1.881212e-05 4.874239e+02 8.949842e+00
1.080000e+02 4.318055e-03 1.864560e-05 4.773690e+02 8.797296e+00
1.090000e+02 4.300283e-03 1.849244e-05 4.673769e+02 8.797296e+00
1.100000e+02 4.283337e-03 1.834697e-05 4.574358e+02 8.797296e+00
1.110000e+02 4.266526e-03 1.820324e-05 4.475422e+02 9.122603e+00
1.120000e+02 4.249421e-03 1.805758e-05 4.376834e+02 1.045494e+01
1.130000e+02 4.231285e-03 1.790377e-05 4.278647e+02 1.137509e+01
1.140000e+02 4.211355e-03 1.773551e-05 4.181155e+02 1.209827e+01
1.150000e+02 4.189086e-03 1.754844e-05 4.084722e+02 1.269885e+01
1.160000e+02 4.164327e-03 1.734162e-05 3.989621e+02 1.290915e+01
1.170000e+02 4.137764e-03 1.712109e-05 3.896055e+02 1.288029e+01
1.180000e+02 4.110438e-03 1.689570e-05 3.804077e+02 1.276813e+01
1.190000e+02 4.083014e-03 1.667101e-05 3.713828e+02 1.261644e+01
1.200000e+02 4.055630e-03 1.644814e-05 3.625592e+02 1.246842e+01
1.210000e+02 4.027636e-03 1.622185e-05 3.539638e+02 1.229936e+01
1.220000e+02 3.998013e-03 1.598411e-05 3.456132e+02 1.211877e+01
1.230000e+02 3.966134e-03 1.573022e-05 3.375166e+02 1.193784e+01
1.240000e+02 3.932004e-03 1.546065e-05 3.296927e+02 1.175924e+01
1.250000e+02 3.896238e-03 1.518067e-05 3.221567e+02 1.158342e+01
1.260000e+02 3.859658e-03 1.489696e-05 3.149315e+02 1.141037e+01
1.270000e+02 3.823243e-03 1.461719e-05 3.080592e+02 1.124005e+01
1.280000e+02 3.787791e-03 1.434736e-05 3.015807e+02 1.107239e+01
1.290000e+02 3.753891e-03 1.409170e-05 2.955150e+02 1.090732e+01
1.300000e+02 3.721726e-03 1.385124e-05 2.898831e+02 1.074479e+01
1.310000e+02 3.691161e-03 1.362467e-05 2.846912e+02 1.058475e+01
1.320000e+02 3.662677e-03 1.341521e-05 2.799135e+02 1.042712e+01
1.330000e+02 3.636671e-03 1.322538e-05 2.755820e+02 1.027187e+01
1.340000e+02 3.613384e-03 1.305654e-05 2.717156e+02 1.011893e+01
1.350000e+02 3.592961e-03 1.290937e-05 2.683194e+02 9.968257e+00
1.360000e+02 3.575063e-03 1.278107e-05 2.653932e+02 9.819798e+00
1.370000e+02 3.559732e-03 1.267169e-05 2.628879e+02 9.673506e+00
1.380000e+02 3.547394e-03 1.258400e-05 2.607812e+02 9.529333e+00
1.390000e+02 3.538315e-03 1.251967e-05 2.590822e+02 9.387234e+00
1.400000e+02 3.531748e-03 1.247324e-05 2.577846e+02 9.247164e+00
1.410000e+02 3.526681e-03 1.243748e-05 2.568501e+02 9.109080e+00
1.420000e+02 3.522153e-03 1.240556e-05 2.562471e+02 8.972943e+00
1.430000e+02 3.516992e-03 1.236923e-05 2.559569e+02 8.838709e+00
1.440000e+02 3.509997e-03 1.232008e-05 2.559588e+02 8.706339e+00
1.450000e+02 3.500724e-03 1.225507e-05 2.562509e+02 8.679769e+00
1.460000e+02 3.489549e-03 1.217696e-05 2.568379e+02 8.688748e+00
1.470000e+02 3.477601e-03 1.209371e-05 2.577144e+02 8.813794e+00
1.480000e+02 3.466379e-03 1.201578e-05 2.588820e+02 8.795979e+00
1.490000e+02 3.456818e-03 1.194959e-05 2.603233e+02 8.712843e+00
1.500000e+02 3.448965e-03 1.189536e-05 2.620133e+02 8.679769e+00
1.510000e+02 3.441886e-03 1.184658e-05 2.639126e+02 8.679769e+00
1.520000e+02 3.434451e-03 1.179545e-05 2.659711e+02 8.679769e+00
1.530000e+02 3.426467e-03 1.174068e-05 2.681222e+02 8.679769e+00
1.540000e+02 3.417423e-03 1.167878e-05 2.702854e+02 8.679769e+00
1.550000e+02 3.407184e-03 1.160890e-05 2.726755e+02 8.679769e+00
1.560000e+02 3.396389e-03 1.153546e-05 2.754137e+02 8.679769e+00
1.570000e+02 3.386058e-03 1.146539e-05 2.784379e+02 8.679769e+00
1.580000e+02 3.376407e-03 1.140013e-05 2.816291e+02 8.679769e+00
1.590000e+02 3.367015e-03 1.133679e-05 2.849121e+02 8.679769e+00
1.600000e+02 3.357266e-03 1.127124e-05 2.882254e+02 8.679769e+00
1.610000e+02 3.346925e-03 1.120191e-05 2.915775e+02 8.679769e+00
1.620000e+02 3.335995e-03 1.112886e-05 2.949531e+02 8.679769e+00
1.630000e+02 3.325370e-03 1.105808e-05 2.985122e+02 8.679769e+00
1.640000e+02 3.315642e-03 1.099348e-05 3.022885e+02 8.679769e+00
1.650000e+02 3.307720e-03 1.094101e-05 3.061473e+02 8.679769e+00
1.660000e+02 3.302079e-03 1.090373e-05 3.100919e+02 8.679769e+00
1.670000e+02 3.298426e-03 1.087961e-05 3.141945e+02 8.679769e+00
1.680000e+02 3.296190e-03 1.086487e-05 3.184694e+02 8.679769e+00
1.690000e+02 3.294626e-03 1.085456e-05 3.228521e+02 8.679769e+00
1.700000e+02 3.293171e-03 1.084497e-05 3.273331e+02 8.679769e+00
1.710000e+02 3.290985e-03 1.083058e-05 3.319352e+02 8.679769e+00
1.720000e+02 3.287510e-03 1.080772e-05 3.366772e+02 8.679769e+00
1.730000e+02 3.282821e-03 1.077692e-05 3.415385e+02 8.679769e+00
1.740000e+02 3.277201e-03 1.074005e-05 3.464908e+02 8.679769e+00
1.750000e+02 3.271216e-03 1.070086e-05 3.515642e+02 8.679769e+00
1.760000e+02 3.265585e-03 1.066405e-05 3.567200e+02 8.679769e+00
1.770000e+02 3.260152e-03 1.062859e-05 3.619300e+02 8.679769e+00
1.780000e+02 3.254988e-03 1.059495e-05 3.671753e+02 8.679769e+00
1.790000e+02 3.249995e-03 1.056247e-05 3.724281e+02 8.679769e+00
1.800000e+02 3.244770e-03 1.052853e-05 3.776401e+02 8.679769e+00
1.810000e+02 3.239580e-03 1.049488e-05 3.827828e+02 8.679769e+00
1.820000e+02 3.234755e-03 1.046364e-05 3.877963e+02 8.679769e+00
1.830000e+02 3.230759e-03 1.043780e-05 3.926281e+02 8.679769e+00
1.840000e+02 3.227483e-03 1.041664e-05 3.972947e+02 8.679769e+00
1.850000e+02 3.224424e-03 1.039691e-05 4.017936e+02 8.679769e+00
1.860000e+02 3.221315e-03 1.037687e-05 4.061255e+02 8.679769e+00
1.870000e+02 3.218001e-03 1.035553e-05 4.102705e+02 8.679769e+00
1.880000e+02 3.214439e-03 1.033262e-05 4.142342e+02 8.679769e+00
1.890000e+02 3.210497e-03 1.030729e-05 4.179960e+02 8.679769e+00
1.900000e+02 3.206272e-03 1.028018e-05 4.215715e+02 8.679769e+00
1.910000e+02 3.201889e-03 1.025209e-05 4.249569e+02 8.679769e+00
1.920000e+02 3.197451e-03 1.022369e-05 4.281238e+02 8.679769e+00
1.930000e+02 3.193181e-03 1.019640e-05 4.310709e+02 8.679769e+00
1.940000e+02 3.189399e-03 1.017227e-05 4.338418e+02 8.679769e+00
1.950000e+02 3.185820e-03 1.014945e-05 4.364384e+02 8.679769e+00
1.960000e+02 3.181668e-03 1.012301e-05 4.388379e+02 8.679769e+00
1.970000e+02 3.176245e-03 1.008853e-05 4.410489e+02 8.679769e+00
1.980000e+02 3.169250e-03 1.004415e-05 4.430854e+02 8.679769e+00
1.990000e+02 3.160665e-03 9.989803e-06 4.449476e+02 8.679769e+00
