**************************************************
*            H E D A C   s e a r c h             *
**************************************************
Started on: 2024-11-19 17:04:00.989770

Parameters:
         method: hedac
          x_min:      0.000
          x_max:    456.000
             dx:      1.000
          y_min:      0.000
          y_max:    478.000
             dy:      1.000

          alpha:      1.000
           beta:      0.500
          gamma:      0.100
          kappa:      0.000
             nu:      0.001
        sigma_m:      1.000
        sigma_c:      2.000
       sigma_ac:      0.100
         source:          difsource

         agents:         40
                  129.000,    277.000
                   58.000,     66.000
                  103.000,    273.000
                  274.000,    317.000
                   48.000,     35.000
                  210.000,    226.000
                  150.000,    292.000
                  156.000,    291.000
                  169.000,    400.000
                  122.000,     40.000
                  257.000,    197.000
                  138.000,    104.000
                  126.000,    142.000
                  173.000,     42.000
                  123.000,    128.000
                  134.000,    146.000
                  216.000,    125.000
                  116.000,    248.000
                  212.000,    445.000
                  177.000,    312.000
                   72.000,     78.000
                  134.000,     53.000
                  122.000,    268.000
                   61.000,    123.000
                   64.000,     41.000
                  257.000,    274.000
                  436.000,    155.000
                  258.000,    238.000
                  168.000,     44.000
                  165.000,    277.000
                   23.000,     49.000
                   68.000,    158.000
                  161.000,     47.000
                  168.000,     51.000
                  224.000,    313.000
                  126.000,     45.000
                  134.000,    289.000
                  125.000,    268.000
                  208.000,    222.000
                  164.000,    393.000
