**************************************************
*            H E D A C   s e a r c h             *
**************************************************
Started on: 2024-11-19 14:44:31.933814

Parameters:
         method: hedac
          x_min:      0.000
          x_max:    149.000
             dx:      1.000
          y_min:      0.000
          y_max:    307.000
             dy:      1.000

          alpha:      1.000
           beta:      0.500
          gamma:      0.100
          kappa:      0.000
             nu:      0.001
        sigma_m:      1.000
        sigma_c:      2.000
       sigma_ac:      0.100
         source:          difsource

         agents:         40
                   89.000,     40.000
                   61.000,     44.000
                   58.000,     57.000
                   81.000,    245.000
                   57.000,     44.000
                   62.000,     51.000
                   84.000,    136.000
                   41.000,    172.000
                   75.000,    296.000
                   76.000,    190.000
                   37.000,    158.000
                   63.000,    186.000
                   47.000,    167.000
                   90.000,    121.000
                   60.000,    237.000
                   76.000,    305.000
                   45.000,    150.000
                   66.000,    184.000
                   70.000,    175.000
                   93.000,    272.000
                  100.000,     91.000
                   66.000,    293.000
                   35.000,    171.000
                  122.000,    240.000
                   51.000,     52.000
                   76.000,     21.000
                   64.000,    151.000
                  101.000,     70.000
                   77.000,     27.000
                   89.000,    194.000
                   56.000,    119.000
                   53.000,    221.000
                   37.000,    157.000
                  118.000,     86.000
                   31.000,    176.000
                   79.000,    191.000
                   68.000,     63.000
                   89.000,     60.000
                   90.000,     29.000
                   69.000,     33.000
