**************************************************
*            H E D A C   s e a r c h             *
**************************************************
Started on: 2024-11-19 16:21:23.158981

Parameters:
         method: hedac
          x_min:      0.000
          x_max:    456.000
             dx:      1.000
          y_min:      0.000
          y_max:    478.000
             dy:      1.000

          alpha:      1.000
           beta:      0.500
          gamma:      0.100
          kappa:      0.000
             nu:      0.001
        sigma_m:      1.000
        sigma_c:      2.000
       sigma_ac:      0.100
         source:          difsource

         agents:         40
                  190.000,    309.000
                  106.000,    249.000
                  148.000,    168.000
                   48.000,    227.000
                  146.000,    237.000
                  151.000,     44.000
                  210.000,    114.000
                   58.000,    204.000
                   70.000,    171.000
                  250.000,    105.000
                  153.000,    272.000
                  367.000,    130.000
                   15.000,     49.000
                   50.000,     59.000
                    5.000,     38.000
                  143.000,     43.000
                  187.000,    242.000
                  198.000,      2.000
                   72.000,    203.000
                  246.000,    182.000
                  204.000,    110.000
                  198.000,    210.000
                   69.000,     92.000
                  350.000,    104.000
                  222.000,    450.000
                   36.000,     30.000
                  339.000,     84.000
                  112.000,    260.000
                  260.000,    148.000
                  149.000,     48.000
                   66.000,    133.000
                   64.000,    163.000
                   68.000,     75.000
                   68.000,     80.000
                  102.000,     60.000
                   85.000,     53.000
                  253.000,    153.000
                  191.000,    219.000
                  183.000,    300.000
                  101.000,    237.000
