           t           E1           E2           E3           E4
0.000000e+00 2.524293e-02 6.372056e-04 2.697829e+03 1.603852e+02
1.000000e+00 2.480595e-02 6.153351e-04 2.687724e+03 1.442039e+02
2.000000e+00 2.411938e-02 5.817445e-04 2.677937e+03 1.298603e+02
3.000000e+00 2.327251e-02 5.416099e-04 2.662622e+03 1.116115e+02
4.000000e+00 2.229495e-02 4.970650e-04 2.643462e+03 9.244524e+01
5.000000e+00 2.125037e-02 4.515783e-04 2.622732e+03 8.667798e+01
6.000000e+00 2.019555e-02 4.078601e-04 2.600865e+03 8.419292e+01
7.000000e+00 1.915942e-02 3.670834e-04 2.578205e+03 7.874046e+01
8.000000e+00 1.816834e-02 3.300886e-04 2.555108e+03 7.418661e+01
9.000000e+00 1.725825e-02 2.978471e-04 2.531691e+03 6.811094e+01
1.000000e+01 1.644188e-02 2.703355e-04 2.507921e+03 6.189757e+01
1.100000e+01 1.571228e-02 2.468758e-04 2.483426e+03 5.626943e+01
1.200000e+01 1.505787e-02 2.267394e-04 2.457607e+03 5.415555e+01
1.300000e+01 1.446517e-02 2.092411e-04 2.430505e+03 5.476005e+01
1.400000e+01 1.391999e-02 1.937663e-04 2.402283e+03 5.333852e+01
1.500000e+01 1.341711e-02 1.800188e-04 2.373104e+03 5.060441e+01
1.600000e+01 1.296181e-02 1.680086e-04 2.342546e+03 4.753728e+01
1.700000e+01 1.255147e-02 1.575393e-04 2.310650e+03 4.492288e+01
1.800000e+01 1.218050e-02 1.483645e-04 2.277984e+03 4.218686e+01
1.900000e+01 1.184014e-02 1.401890e-04 2.244827e+03 3.959864e+01
2.000000e+01 1.152386e-02 1.327993e-04 2.211556e+03 3.723117e+01
2.100000e+01 1.122749e-02 1.260565e-04 2.178420e+03 3.507965e+01
2.200000e+01 1.094960e-02 1.198938e-04 2.145559e+03 3.312048e+01
2.300000e+01 1.069509e-02 1.143850e-04 2.113281e+03 3.132972e+01
2.400000e+01 1.046532e-02 1.095230e-04 2.081733e+03 2.968664e+01
2.500000e+01 1.025493e-02 1.051636e-04 2.050808e+03 2.817370e+01
2.600000e+01 1.005977e-02 1.011989e-04 2.020365e+03 2.940587e+01
2.700000e+01 9.875379e-03 9.752311e-05 1.990322e+03 2.997101e+01
2.800000e+01 9.694934e-03 9.399175e-05 1.960734e+03 3.038627e+01
2.900000e+01 9.513685e-03 9.051021e-05 1.931948e+03 3.035687e+01
3.000000e+01 9.327712e-03 8.700621e-05 1.904164e+03 2.975790e+01
3.100000e+01 9.136352e-03 8.347293e-05 1.877349e+03 2.899142e+01
3.200000e+01 8.944383e-03 8.000199e-05 1.851398e+03 2.812977e+01
3.300000e+01 8.757790e-03 7.669888e-05 1.826259e+03 2.722317e+01
3.400000e+01 8.580766e-03 7.362955e-05 1.801958e+03 2.634758e+01
3.500000e+01 8.414155e-03 7.079801e-05 1.778388e+03 2.552026e+01
3.600000e+01 8.257011e-03 6.817823e-05 1.755336e+03 2.473996e+01
3.700000e+01 8.112462e-03 6.581204e-05 1.732804e+03 2.400642e+01
3.800000e+01 7.983856e-03 6.374195e-05 1.710769e+03 2.331708e+01
3.900000e+01 7.875831e-03 6.202872e-05 1.689323e+03 2.265670e+01
4.000000e+01 7.792597e-03 6.072457e-05 1.668590e+03 2.202568e+01
4.100000e+01 7.728721e-03 5.973313e-05 1.648626e+03 2.200466e+01
4.200000e+01 7.676503e-03 5.892870e-05 1.629321e+03 2.188863e+01
4.300000e+01 7.630452e-03 5.822380e-05 1.610510e+03 2.147637e+01
4.400000e+01 7.587189e-03 5.756544e-05 1.592166e+03 2.106455e+01
4.500000e+01 7.543884e-03 5.691019e-05 1.574293e+03 2.050691e+01
4.600000e+01 7.499886e-03 5.624830e-05 1.556893e+03 1.991918e+01
4.700000e+01 7.453287e-03 5.555148e-05 1.539869e+03 2.064423e+01
4.800000e+01 7.401977e-03 5.478927e-05 1.523126e+03 2.082770e+01
4.900000e+01 7.347157e-03 5.398072e-05 1.506604e+03 2.079095e+01
5.000000e+01 7.290835e-03 5.315627e-05 1.490370e+03 2.047961e+01
5.100000e+01 7.234375e-03 5.233619e-05 1.474549e+03 1.997210e+01
5.200000e+01 7.177063e-03 5.151024e-05 1.459207e+03 1.983715e+01
5.300000e+01 7.116811e-03 5.064900e-05 1.444348e+03 1.967646e+01
5.400000e+01 7.052041e-03 4.973128e-05 1.429933e+03 1.938105e+01
5.500000e+01 6.982529e-03 4.875571e-05 1.415944e+03 1.903343e+01
5.600000e+01 6.908400e-03 4.772600e-05 1.402356e+03 1.867053e+01
5.700000e+01 6.829983e-03 4.664867e-05 1.389175e+03 1.831050e+01
5.800000e+01 6.747603e-03 4.553015e-05 1.376491e+03 1.796044e+01
5.900000e+01 6.662765e-03 4.439243e-05 1.364412e+03 1.762176e+01
6.000000e+01 6.577376e-03 4.326188e-05 1.353039e+03 1.729425e+01
6.100000e+01 6.493582e-03 4.216661e-05 1.342353e+03 1.697744e+01
6.200000e+01 6.413191e-03 4.112902e-05 1.332357e+03 1.667080e+01
6.300000e+01 6.336513e-03 4.015140e-05 1.323033e+03 1.637386e+01
6.400000e+01 6.263324e-03 3.922923e-05 1.314362e+03 1.608617e+01
6.500000e+01 6.192979e-03 3.835299e-05 1.306322e+03 1.580729e+01
6.600000e+01 6.124922e-03 3.751467e-05 1.298932e+03 1.553683e+01
6.700000e+01 6.058848e-03 3.670964e-05 1.292209e+03 1.527442e+01
6.800000e+01 5.995420e-03 3.594506e-05 1.286181e+03 1.501970e+01
6.900000e+01 5.936989e-03 3.524784e-05 1.280907e+03 1.477234e+01
7.000000e+01 5.884462e-03 3.462689e-05 1.276423e+03 1.457607e+01
7.100000e+01 5.838221e-03 3.408482e-05 1.272658e+03 1.465601e+01
7.200000e+01 5.798321e-03 3.362052e-05 1.269643e+03 1.489931e+01
7.300000e+01 5.765099e-03 3.323637e-05 1.267434e+03 1.521127e+01
7.400000e+01 5.738641e-03 3.293200e-05 1.266027e+03 1.598108e+01
7.500000e+01 5.717849e-03 3.269380e-05 1.265385e+03 1.675656e+01
7.600000e+01 5.699488e-03 3.248416e-05 1.265488e+03 1.743460e+01
7.700000e+01 5.680486e-03 3.226792e-05 1.266289e+03 1.781203e+01
7.800000e+01 5.658711e-03 3.202101e-05 1.267737e+03 1.793096e+01
7.900000e+01 5.633177e-03 3.173268e-05 1.269832e+03 1.789745e+01
8.000000e+01 5.603868e-03 3.140333e-05 1.272552e+03 1.780577e+01
8.100000e+01 5.571176e-03 3.103800e-05 1.275862e+03 1.757089e+01
8.200000e+01 5.535799e-03 3.064507e-05 1.279744e+03 1.727124e+01
8.300000e+01 5.498700e-03 3.023571e-05 1.284183e+03 1.695156e+01
8.400000e+01 5.460412e-03 2.981610e-05 1.289137e+03 1.663130e+01
8.500000e+01 5.421412e-03 2.939171e-05 1.294605e+03 1.631665e+01
8.600000e+01 5.382190e-03 2.896797e-05 1.300554e+03 1.600895e+01
8.700000e+01 5.342929e-03 2.854690e-05 1.306922e+03 1.570827e+01
8.800000e+01 5.304216e-03 2.813471e-05 1.313669e+03 1.541440e+01
8.900000e+01 5.266935e-03 2.774060e-05 1.320747e+03 1.512711e+01
9.000000e+01 5.231721e-03 2.737090e-05 1.328102e+03 1.484620e+01
9.100000e+01 5.198933e-03 2.702891e-05 1.335689e+03 1.457143e+01
9.200000e+01 5.168768e-03 2.671617e-05 1.343444e+03 1.430263e+01
9.300000e+01 5.140653e-03 2.642631e-05 1.351326e+03 1.403959e+01
9.400000e+01 5.113794e-03 2.615089e-05 1.359352e+03 1.378214e+01
9.500000e+01 5.088170e-03 2.588947e-05 1.367440e+03 1.353009e+01
9.600000e+01 5.064501e-03 2.564917e-05 1.375533e+03 1.328329e+01
9.700000e+01 5.043758e-03 2.543949e-05 1.383743e+03 1.304160e+01
9.800000e+01 5.027257e-03 2.527332e-05 1.392158e+03 1.280496e+01
9.900000e+01 5.015985e-03 2.516010e-05 1.400812e+03 1.257341e+01
1.000000e+02 5.010797e-03 2.510808e-05 1.409643e+03 1.234708e+01
1.010000e+02 5.009436e-03 2.509445e-05 1.418552e+03 1.212582e+01
1.020000e+02 5.009265e-03 2.509274e-05 1.427341e+03 1.190890e+01
1.030000e+02 5.007280e-03 2.507285e-05 1.435933e+03 1.169574e+01
1.040000e+02 5.001098e-03 2.501098e-05 1.444344e+03 1.148614e+01
1.050000e+02 4.989364e-03 2.489375e-05 1.452605e+03 1.200009e+01
1.060000e+02 4.971864e-03 2.471944e-05 1.460729e+03 1.221937e+01
1.070000e+02 4.949324e-03 2.449581e-05 1.468682e+03 1.228504e+01
1.080000e+02 4.922671e-03 2.423269e-05 1.476492e+03 1.226789e+01
1.090000e+02 4.893093e-03 2.394236e-05 1.484247e+03 1.215107e+01
1.100000e+02 4.862362e-03 2.364257e-05 1.492064e+03 1.200794e+01
1.110000e+02 4.832452e-03 2.335260e-05 1.499948e+03 1.188552e+01
1.120000e+02 4.804793e-03 2.308604e-05 1.507841e+03 1.180854e+01
1.130000e+02 4.780398e-03 2.285220e-05 1.515803e+03 1.175906e+01
1.140000e+02 4.759157e-03 2.264958e-05 1.523804e+03 1.167021e+01
1.150000e+02 4.740533e-03 2.247265e-05 1.531862e+03 1.157914e+01
1.160000e+02 4.724131e-03 2.231741e-05 1.539973e+03 1.145184e+01
1.170000e+02 4.709180e-03 2.217637e-05 1.548113e+03 1.128642e+01
1.180000e+02 4.695001e-03 2.204303e-05 1.556252e+03 1.110889e+01
1.190000e+02 4.680884e-03 2.191068e-05 1.564336e+03 1.093185e+01
1.200000e+02 4.666036e-03 2.177189e-05 1.572300e+03 1.075734e+01
1.210000e+02 4.650597e-03 2.162805e-05 1.580090e+03 1.058508e+01
1.220000e+02 4.635795e-03 2.149059e-05 1.587598e+03 1.041529e+01
1.230000e+02 4.621635e-03 2.135951e-05 1.594618e+03 1.024843e+01
1.240000e+02 4.607339e-03 2.122758e-05 1.601108e+03 1.008458e+01
1.250000e+02 4.592517e-03 2.109121e-05 1.607542e+03 9.971879e+00
1.260000e+02 4.577380e-03 2.095241e-05 1.614033e+03 9.971879e+00
1.270000e+02 4.562163e-03 2.081333e-05 1.620535e+03 9.971879e+00
1.280000e+02 4.546483e-03 2.067051e-05 1.626914e+03 9.971879e+00
1.290000e+02 4.530139e-03 2.052216e-05 1.633136e+03 9.971879e+00
1.300000e+02 4.513212e-03 2.036908e-05 1.639214e+03 9.971879e+00
1.310000e+02 4.495818e-03 2.021238e-05 1.645121e+03 9.971879e+00
1.320000e+02 4.478664e-03 2.005843e-05 1.650909e+03 9.971879e+00
1.330000e+02 4.461833e-03 1.990795e-05 1.656596e+03 9.971879e+00
1.340000e+02 4.445934e-03 1.976633e-05 1.662132e+03 9.971879e+00
1.350000e+02 4.431984e-03 1.964248e-05 1.667491e+03 9.971879e+00
1.360000e+02 4.420371e-03 1.953968e-05 1.672716e+03 9.971879e+00
1.370000e+02 4.410302e-03 1.945077e-05 1.677862e+03 9.971879e+00
1.380000e+02 4.401255e-03 1.937105e-05 1.682941e+03 9.971879e+00
1.390000e+02 4.392673e-03 1.929558e-05 1.687958e+03 9.971879e+00
1.400000e+02 4.383695e-03 1.921678e-05 1.692989e+03 9.971879e+00
1.410000e+02 4.373651e-03 1.912883e-05 1.698100e+03 9.971879e+00
1.420000e+02 4.362546e-03 1.903181e-05 1.703263e+03 9.971879e+00
1.430000e+02 4.351008e-03 1.893127e-05 1.708411e+03 9.971879e+00
1.440000e+02 4.339690e-03 1.883291e-05 1.713506e+03 9.971879e+00
1.450000e+02 4.328238e-03 1.873364e-05 1.718505e+03 9.971879e+00
1.460000e+02 4.317024e-03 1.863669e-05 1.723360e+03 9.971879e+00
1.470000e+02 4.306916e-03 1.854952e-05 1.728037e+03 9.971879e+00
1.480000e+02 4.298721e-03 1.847900e-05 1.732541e+03 9.971879e+00
1.490000e+02 4.292367e-03 1.842441e-05 1.736900e+03 9.971879e+00
1.500000e+02 4.287333e-03 1.838122e-05 1.741099e+03 9.971879e+00
1.510000e+02 4.283397e-03 1.834749e-05 1.745187e+03 9.971879e+00
1.520000e+02 4.280180e-03 1.831994e-05 1.749179e+03 9.971879e+00
1.530000e+02 4.277010e-03 1.829282e-05 1.753088e+03 9.971879e+00
1.540000e+02 4.273435e-03 1.826225e-05 1.756998e+03 9.971876e+00
1.550000e+02 4.268782e-03 1.822250e-05 1.760905e+03 9.971848e+00
1.560000e+02 4.262878e-03 1.817212e-05 1.764720e+03 9.971619e+00
1.570000e+02 4.256662e-03 1.811917e-05 1.768481e+03 9.970182e+00
1.580000e+02 4.249597e-03 1.805908e-05 1.772164e+03 9.963129e+00
1.590000e+02 4.241494e-03 1.799027e-05 1.775803e+03 9.936056e+00
1.600000e+02 4.233132e-03 1.791941e-05 1.779440e+03 9.854794e+00
1.610000e+02 4.224262e-03 1.784439e-05 1.782982e+03 9.718173e+00
1.620000e+02 4.214656e-03 1.776332e-05 1.786375e+03 9.482470e+00
1.630000e+02 4.204408e-03 1.767704e-05 1.789589e+03 9.120257e+00
1.640000e+02 4.194775e-03 1.759613e-05 1.792712e+03 9.038339e+00
1.650000e+02 4.186921e-03 1.753031e-05 1.795850e+03 9.035321e+00
1.660000e+02 4.180613e-03 1.747752e-05 1.799000e+03 8.999136e+00
1.670000e+02 4.174778e-03 1.742877e-05 1.802078e+03 8.953876e+00
1.680000e+02 4.168888e-03 1.737963e-05 1.805091e+03 8.915085e+00
1.690000e+02 4.162784e-03 1.732877e-05 1.808053e+03 8.839061e+00
1.700000e+02 4.156218e-03 1.727415e-05 1.811021e+03 9.032900e+00
1.710000e+02 4.149143e-03 1.721539e-05 1.814037e+03 9.185033e+00
1.720000e+02 4.141610e-03 1.715293e-05 1.817090e+03 9.231726e+00
1.730000e+02 4.134320e-03 1.709260e-05 1.820166e+03 9.214939e+00
1.740000e+02 4.127717e-03 1.703805e-05 1.823179e+03 9.172218e+00
1.750000e+02 4.122055e-03 1.699134e-05 1.826087e+03 9.121786e+00
1.760000e+02 4.117477e-03 1.695362e-05 1.828937e+03 9.069924e+00
1.770000e+02 4.113552e-03 1.692131e-05 1.831791e+03 9.205306e+00
1.780000e+02 4.109835e-03 1.689074e-05 1.834690e+03 9.429660e+00
1.790000e+02 4.105560e-03 1.685563e-05 1.837634e+03 9.629116e+00
1.800000e+02 4.100854e-03 1.681700e-05 1.840648e+03 9.694481e+00
1.810000e+02 4.095825e-03 1.677578e-05 1.843762e+03 9.679525e+00
1.820000e+02 4.090576e-03 1.673281e-05 1.847084e+03 9.644255e+00
1.830000e+02 4.084870e-03 1.668616e-05 1.850654e+03 9.578164e+00
1.840000e+02 4.078640e-03 1.663531e-05 1.854434e+03 9.491824e+00
1.850000e+02 4.072069e-03 1.658174e-05 1.858360e+03 9.399108e+00
1.860000e+02 4.065308e-03 1.652673e-05 1.862399e+03 9.305603e+00
1.870000e+02 4.058482e-03 1.647128e-05 1.866427e+03 9.212712e+00
1.880000e+02 4.051584e-03 1.641533e-05 1.870398e+03 9.120711e+00
1.890000e+02 4.044430e-03 1.635741e-05 1.874305e+03 9.029648e+00
1.900000e+02 4.036873e-03 1.629635e-05 1.878106e+03 8.939530e+00
1.910000e+02 4.029035e-03 1.623312e-05 1.881777e+03 8.850350e+00
1.920000e+02 4.020925e-03 1.616784e-05 1.885298e+03 8.762097e+00
1.930000e+02 4.012170e-03 1.609751e-05 1.888608e+03 8.674759e+00
1.940000e+02 4.002904e-03 1.602324e-05 1.891688e+03 8.588321e+00
1.950000e+02 3.993586e-03 1.594873e-05 1.894623e+03 8.502770e+00
1.960000e+02 3.984903e-03 1.587945e-05 1.897465e+03 8.418091e+00
1.970000e+02 3.977520e-03 1.582067e-05 1.900123e+03 8.334273e+00
1.980000e+02 3.970790e-03 1.576717e-05 1.902561e+03 8.251301e+00
1.990000e+02 3.964346e-03 1.571604e-05 1.904792e+03 8.169164e+00
