**************************************************
*            H E D A C   s e a r c h             *
**************************************************
Started on: 2024-11-19 17:24:29.950626

Parameters:
         method: hedac
          x_min:      0.000
          x_max:    456.000
             dx:      1.000
          y_min:      0.000
          y_max:    478.000
             dy:      1.000

          alpha:      1.000
           beta:      0.500
          gamma:      0.100
          kappa:      0.000
             nu:      0.001
        sigma_m:      1.000
        sigma_c:      2.000
       sigma_ac:      0.100
         source:          difsource

         agents:         40
                  188.000,    244.000
                  349.000,     98.000
                  282.000,    314.000
                   70.000,     93.000
                   82.000,    188.000
                   36.000,     51.000
                  219.000,    128.000
                  147.000,     98.000
                  251.000,    147.000
                  242.000,    120.000
                   54.000,    209.000
                  144.000,    262.000
                   78.000,    178.000
                   57.000,     66.000
                  155.000,    248.000
                  166.000,     94.000
                  255.000,    145.000
                  190.000,    231.000
                  122.000,     45.000
                   73.000,    211.000
                  106.000,    249.000
                  260.000,    270.000
                   69.000,    152.000
                   84.000,    204.000
                  267.000,    312.000
                   69.000,    203.000
                   43.000,     38.000
                  157.000,    175.000
                   77.000,    186.000
                   47.000,     59.000
                  238.000,    119.000
                  126.000,    122.000
                  273.000,    294.000
                  141.000,     94.000
                  167.000,    313.000
                  160.000,    351.000
                   68.000,     75.000
                  221.000,    175.000
                   55.000,    219.000
                  116.000,    243.000
