**************************************************
*            H E D A C   s e a r c h             *
**************************************************
Started on: 2024-11-05 16:10:51.737536

Parameters:
         method: hedac
          x_min:      0.000
          x_max:    226.000
             dx:      1.000
          y_min:      0.000
          y_max:    315.000
             dy:      1.000

          alpha:      1.000
           beta:      0.500
          gamma:      0.100
          kappa:      0.000
             nu:      0.001
        sigma_m:      1.000
        sigma_c:      2.000
       sigma_ac:      0.100
         source:          difsource

         agents:         40
                  182.000,    122.000
                  132.000,    179.000
                   25.000,    210.000
                  157.000,    188.000
                   81.000,    127.000
                  137.000,    215.000
                   78.000,    125.000
                    5.000,    237.000
                  135.000,    180.000
                  115.000,    252.000
                  180.000,    124.000
                  179.000,    105.000
                  180.000,    121.000
                  217.000,    118.000
                   56.000,    251.000
                   58.000,    244.000
                   32.000,    212.000
                   53.000,    251.000
                   47.000,    200.000
                  178.000,    135.000
                  114.000,    264.000
                  127.000,    237.000
                  180.000,    150.000
                    6.000,    247.000
                  112.000,    220.000
                  134.000,    135.000
                  207.000,    126.000
                  125.000,    114.000
                  146.000,     22.000
                  105.000,    220.000
                  176.000,    125.000
                   89.000,    189.000
                   27.000,    207.000
                   84.000,    187.000
                   75.000,    298.000
                   62.000,    218.000
                  157.000,     55.000
                  177.000,     98.000
                  177.000,    118.000
                   23.000,    215.000
