**************************************************
*            H E D A C   s e a r c h             *
**************************************************
Started on: 2024-11-19 14:54:14.240516

Parameters:
         method: hedac
          x_min:      0.000
          x_max:    149.000
             dx:      1.000
          y_min:      0.000
          y_max:    307.000
             dy:      1.000

          alpha:      1.000
           beta:      0.500
          gamma:      0.100
          kappa:      0.000
             nu:      0.001
        sigma_m:      1.000
        sigma_c:      2.000
       sigma_ac:      0.100
         source:          difsource

         agents:         40
                   73.000,    163.000
                  124.000,    262.000
                   81.000,    158.000
                   96.000,     63.000
                   84.000,    171.000
                   89.000,    279.000
                   88.000,    128.000
                   38.000,    120.000
                   62.000,     39.000
                   72.000,    242.000
                  107.000,    276.000
                   68.000,    191.000
                   54.000,    106.000
                   63.000,    157.000
                   76.000,    301.000
                   49.000,    125.000
                   44.000,    136.000
                  130.000,     91.000
                   84.000,    185.000
                   98.000,    285.000
                  118.000,     73.000
                   47.000,    130.000
                   77.000,     17.000
                   51.000,     36.000
                   89.000,     16.000
                   69.000,    239.000
                   48.000,    123.000
                   77.000,     30.000
                   68.000,    150.000
                   99.000,     93.000
                   38.000,    148.000
                   54.000,    230.000
                   65.000,    152.000
                   81.000,    140.000
                   79.000,    246.000
                   52.000,    217.000
                   50.000,    121.000
                  119.000,    263.000
                   44.000,    191.000
                   63.000,    149.000
