**************************************************
*            H E D A C   s e a r c h             *
**************************************************
Started on: 2024-11-01 10:37:34.320520

Parameters:
         method: hedac
          x_min:      0.000
          x_max:    226.000
             dx:      1.000
          y_min:      0.000
          y_max:    315.000
             dy:      1.000

          alpha:      1.000
           beta:      0.500
          gamma:      0.100
          kappa:      0.000
             nu:      0.001
        sigma_m:      1.000
        sigma_c:      2.000
       sigma_ac:      0.100
         source:          difsource

         agents:         40
                   98.000,    286.000
                  194.000,    131.000
                  171.000,     82.000
                   59.000,    253.000
                  149.000,    225.000
                    5.000,    241.000
                  134.000,    231.000
                  211.000,    125.000
                  183.000,    110.000
                  162.000,    209.000
                   82.000,    290.000
                  155.000,     73.000
                  194.000,     97.000
                  153.000,    208.000
                  174.000,    146.000
                  165.000,     66.000
                   75.000,    297.000
                   70.000,    300.000
                  141.000,    128.000
                  220.000,    118.000
                   10.000,    229.000
                  170.000,    120.000
                  181.000,     66.000
                   97.000,    283.000
                  121.000,    113.000
                  116.000,    220.000
                   62.000,    307.000
                  183.000,    139.000
                   32.000,    202.000
                  179.000,    146.000
                   53.000,    229.000
                  153.000,    149.000
                  169.000,     75.000
                  192.000,     89.000
                   91.000,    283.000
                  196.000,    129.000
                   62.000,    212.000
                  144.000,    111.000
                  189.000,     94.000
                  150.000,    192.000
