           t           E1           E2           E3           E4
0.000000e+00 2.616405e-02 6.845577e-04 3.035784e+03 1.617603e+02
1.000000e+00 2.525766e-02 6.379492e-04 2.996041e+03 1.367711e+02
2.000000e+00 2.423733e-02 5.874480e-04 2.954859e+03 1.090547e+02
3.000000e+00 2.315059e-02 5.359500e-04 2.912594e+03 9.079644e+01
4.000000e+00 2.204022e-02 4.857712e-04 2.870066e+03 8.219602e+01
5.000000e+00 2.094721e-02 4.387855e-04 2.827705e+03 7.476789e+01
6.000000e+00 1.989628e-02 3.958620e-04 2.785784e+03 6.849924e+01
7.000000e+00 1.890365e-02 3.573480e-04 2.744487e+03 6.148818e+01
8.000000e+00 1.797408e-02 3.230676e-04 2.703893e+03 5.548367e+01
9.000000e+00 1.712186e-02 2.931581e-04 2.663913e+03 5.059143e+01
1.000000e+01 1.634506e-02 2.671609e-04 2.624617e+03 4.749433e+01
1.100000e+01 1.563653e-02 2.445011e-04 2.586164e+03 4.500793e+01
1.200000e+01 1.500054e-02 2.250161e-04 2.549261e+03 4.473607e+01
1.300000e+01 1.443979e-02 2.085074e-04 2.514518e+03 4.283088e+01
1.400000e+01 1.395305e-02 1.946875e-04 2.482228e+03 4.009468e+01
1.500000e+01 1.353467e-02 1.831872e-04 2.452407e+03 3.922026e+01
1.600000e+01 1.317080e-02 1.734700e-04 2.424946e+03 3.966963e+01
1.700000e+01 1.285912e-02 1.653569e-04 2.399566e+03 3.878632e+01
1.800000e+01 1.259781e-02 1.587047e-04 2.375402e+03 3.781807e+01
1.900000e+01 1.238141e-02 1.532992e-04 2.352486e+03 3.659061e+01
2.000000e+01 1.219553e-02 1.487309e-04 2.330882e+03 3.585563e+01
2.100000e+01 1.202098e-02 1.445038e-04 2.310156e+03 3.774509e+01
2.200000e+01 1.184332e-02 1.402643e-04 2.290058e+03 4.197030e+01
2.300000e+01 1.165348e-02 1.358035e-04 2.270381e+03 4.465462e+01
2.400000e+01 1.145249e-02 1.311596e-04 2.250931e+03 4.656104e+01
2.500000e+01 1.124021e-02 1.263422e-04 2.231618e+03 4.725243e+01
2.600000e+01 1.101950e-02 1.214294e-04 2.212357e+03 4.657142e+01
2.700000e+01 1.079860e-02 1.166098e-04 2.193155e+03 4.511183e+01
2.800000e+01 1.058434e-02 1.120282e-04 2.174090e+03 4.335917e+01
2.900000e+01 1.037651e-02 1.076720e-04 2.155266e+03 4.158085e+01
3.000000e+01 1.017598e-02 1.035506e-04 2.136765e+03 3.987913e+01
3.100000e+01 9.987475e-03 9.974966e-05 2.118411e+03 3.827735e+01
3.200000e+01 9.815561e-03 9.634525e-05 2.099958e+03 3.677337e+01
3.300000e+01 9.661291e-03 9.334054e-05 2.081380e+03 3.535962e+01
3.400000e+01 9.523773e-03 9.070224e-05 2.062834e+03 3.402842e+01
3.500000e+01 9.402899e-03 8.841452e-05 2.044305e+03 3.421301e+01
3.600000e+01 9.292964e-03 8.635918e-05 2.025696e+03 3.550779e+01
3.700000e+01 9.186718e-03 8.439580e-05 2.006924e+03 3.605833e+01
3.800000e+01 9.077588e-03 8.240260e-05 1.987996e+03 3.589315e+01
3.900000e+01 8.962754e-03 8.033096e-05 1.968980e+03 3.535839e+01
4.000000e+01 8.840966e-03 7.816269e-05 1.949913e+03 3.486536e+01
4.100000e+01 8.713332e-03 7.592216e-05 1.930870e+03 3.414561e+01
4.200000e+01 8.581509e-03 7.364230e-05 1.912134e+03 3.331966e+01
4.300000e+01 8.447759e-03 7.136464e-05 1.893968e+03 3.246437e+01
4.400000e+01 8.315866e-03 6.915363e-05 1.876475e+03 3.162438e+01
4.500000e+01 8.186038e-03 6.701122e-05 1.859503e+03 3.080929e+01
4.600000e+01 8.058646e-03 6.494178e-05 1.842920e+03 3.002552e+01
4.700000e+01 7.934952e-03 6.296347e-05 1.826617e+03 2.927464e+01
4.800000e+01 7.814791e-03 6.107095e-05 1.810477e+03 2.855566e+01
4.900000e+01 7.698478e-03 5.926656e-05 1.794354e+03 2.786766e+01
5.000000e+01 7.587111e-03 5.756425e-05 1.778216e+03 2.722944e+01
5.100000e+01 7.481106e-03 5.596695e-05 1.762455e+03 2.663872e+01
5.200000e+01 7.380464e-03 5.447126e-05 1.747300e+03 2.607026e+01
5.300000e+01 7.285982e-03 5.308553e-05 1.732781e+03 2.552278e+01
5.400000e+01 7.201768e-03 5.186547e-05 1.719117e+03 2.499501e+01
5.500000e+01 7.129546e-03 5.083043e-05 1.706684e+03 2.557703e+01
5.600000e+01 7.065751e-03 4.992484e-05 1.695592e+03 2.623009e+01
5.700000e+01 7.005931e-03 4.908307e-05 1.685734e+03 2.661994e+01
5.800000e+01 6.947565e-03 4.826866e-05 1.676965e+03 2.697353e+01
5.900000e+01 6.892309e-03 4.750393e-05 1.669276e+03 2.726899e+01
6.000000e+01 6.842092e-03 4.681422e-05 1.662569e+03 2.752359e+01
6.100000e+01 6.797388e-03 4.620449e-05 1.656824e+03 2.794030e+01
6.200000e+01 6.756637e-03 4.565215e-05 1.652015e+03 2.852740e+01
6.300000e+01 6.717459e-03 4.512426e-05 1.647866e+03 2.908757e+01
6.400000e+01 6.678222e-03 4.459865e-05 1.644439e+03 2.969888e+01
6.500000e+01 6.638448e-03 4.406899e-05 1.641545e+03 2.987628e+01
6.600000e+01 6.598522e-03 4.354049e-05 1.638867e+03 2.967173e+01
6.700000e+01 6.557936e-03 4.300653e-05 1.636433e+03 2.923995e+01
6.800000e+01 6.516224e-03 4.246117e-05 1.634327e+03 2.871515e+01
6.900000e+01 6.473088e-03 4.190086e-05 1.632515e+03 2.816960e+01
7.000000e+01 6.428368e-03 4.132392e-05 1.630940e+03 2.763033e+01
7.100000e+01 6.382941e-03 4.074194e-05 1.629595e+03 2.710440e+01
7.200000e+01 6.337971e-03 4.016988e-05 1.628479e+03 2.659278e+01
7.300000e+01 6.293164e-03 3.960391e-05 1.627585e+03 2.609508e+01
7.400000e+01 6.247859e-03 3.903575e-05 1.626938e+03 2.561078e+01
7.500000e+01 6.203373e-03 3.848184e-05 1.626588e+03 2.513937e+01
7.600000e+01 6.161595e-03 3.796525e-05 1.626564e+03 2.468035e+01
7.700000e+01 6.122306e-03 3.748263e-05 1.626886e+03 2.423322e+01
7.800000e+01 6.085872e-03 3.703784e-05 1.627589e+03 2.379754e+01
7.900000e+01 6.052160e-03 3.662864e-05 1.628632e+03 2.337288e+01
8.000000e+01 6.019752e-03 3.623742e-05 1.629985e+03 2.295881e+01
8.100000e+01 5.987383e-03 3.584875e-05 1.631716e+03 2.255494e+01
8.200000e+01 5.954332e-03 3.545407e-05 1.633844e+03 2.216092e+01
8.300000e+01 5.920813e-03 3.505602e-05 1.636296e+03 2.177637e+01
8.400000e+01 5.887782e-03 3.466598e-05 1.639041e+03 2.140096e+01
8.500000e+01 5.855511e-03 3.428701e-05 1.642002e+03 2.103437e+01
8.600000e+01 5.823442e-03 3.391248e-05 1.645131e+03 2.067629e+01
8.700000e+01 5.789923e-03 3.352321e-05 1.648430e+03 2.032644e+01
8.800000e+01 5.754013e-03 3.310867e-05 1.651911e+03 1.998452e+01
8.900000e+01 5.716028e-03 3.267298e-05 1.655562e+03 1.965027e+01
9.000000e+01 5.676902e-03 3.222722e-05 1.659376e+03 1.932344e+01
9.100000e+01 5.637432e-03 3.178064e-05 1.663389e+03 1.900379e+01
9.200000e+01 5.598205e-03 3.133989e-05 1.667521e+03 1.869107e+01
9.300000e+01 5.558798e-03 3.090023e-05 1.671717e+03 1.838506e+01
9.400000e+01 5.518613e-03 3.045509e-05 1.675997e+03 1.808556e+01
9.500000e+01 5.477492e-03 3.000292e-05 1.680416e+03 1.779236e+01
9.600000e+01 5.436119e-03 2.955139e-05 1.685030e+03 1.750525e+01
9.700000e+01 5.394633e-03 2.910206e-05 1.689795e+03 1.722406e+01
9.800000e+01 5.352630e-03 2.865065e-05 1.694669e+03 1.694859e+01
9.900000e+01 5.310010e-03 2.819621e-05 1.699636e+03 1.667869e+01
1.000000e+02 5.266681e-03 2.773793e-05 1.704685e+03 1.641417e+01
1.010000e+02 5.221810e-03 2.726730e-05 1.709855e+03 1.615489e+01
1.020000e+02 5.174411e-03 2.677453e-05 1.715231e+03 1.590068e+01
1.030000e+02 5.123893e-03 2.625428e-05 1.720839e+03 1.565141e+01
1.040000e+02 5.070128e-03 2.570620e-05 1.726700e+03 1.540692e+01
1.050000e+02 5.013594e-03 2.513612e-05 1.732854e+03 1.516708e+01
1.060000e+02 4.955274e-03 2.455474e-05 1.739320e+03 1.493176e+01
1.070000e+02 4.896548e-03 2.397619e-05 1.746133e+03 1.470083e+01
1.080000e+02 4.838780e-03 2.341379e-05 1.753339e+03 1.447418e+01
1.090000e+02 4.783091e-03 2.287796e-05 1.760941e+03 1.425169e+01
1.100000e+02 4.730010e-03 2.237299e-05 1.768796e+03 1.403326e+01
1.110000e+02 4.679731e-03 2.189988e-05 1.776775e+03 1.381886e+01
1.120000e+02 4.632343e-03 2.145860e-05 1.784752e+03 1.360854e+01
1.130000e+02 4.587819e-03 2.104809e-05 1.792480e+03 1.340249e+01
1.140000e+02 4.546196e-03 2.066790e-05 1.799603e+03 1.320096e+01
1.150000e+02 4.507292e-03 2.031568e-05 1.805983e+03 1.300391e+01
1.160000e+02 4.470460e-03 1.998501e-05 1.812543e+03 1.281023e+01
1.170000e+02 4.435026e-03 1.966945e-05 1.819783e+03 1.261931e+01
1.180000e+02 4.400788e-03 1.936693e-05 1.827707e+03 1.243113e+01
1.190000e+02 4.367798e-03 1.907766e-05 1.835735e+03 1.224614e+01
1.200000e+02 4.335495e-03 1.879652e-05 1.843082e+03 1.206499e+01
1.210000e+02 4.304475e-03 1.852850e-05 1.851023e+03 1.188637e+01
1.220000e+02 4.276094e-03 1.828498e-05 1.860106e+03 1.170975e+01
1.230000e+02 4.251394e-03 1.807435e-05 1.869630e+03 1.153564e+01
1.240000e+02 4.229993e-03 1.789284e-05 1.879322e+03 1.136419e+01
1.250000e+02 4.211266e-03 1.773476e-05 1.889228e+03 1.119540e+01
1.260000e+02 4.194217e-03 1.759146e-05 1.899213e+03 1.102934e+01
1.270000e+02 4.178282e-03 1.745804e-05 1.909014e+03 1.086617e+01
1.280000e+02 4.164109e-03 1.733980e-05 1.918852e+03 1.070559e+01
1.290000e+02 4.151164e-03 1.723216e-05 1.929115e+03 1.054726e+01
1.300000e+02 4.137491e-03 1.711883e-05 1.939195e+03 1.039156e+01
1.310000e+02 4.122489e-03 1.699492e-05 1.948692e+03 1.023871e+01
1.320000e+02 4.107926e-03 1.687506e-05 1.958578e+03 1.008792e+01
1.330000e+02 4.094094e-03 1.676160e-05 1.968306e+03 9.939508e+00
1.340000e+02 4.082418e-03 1.666614e-05 1.978062e+03 9.793306e+00
1.350000e+02 4.074226e-03 1.659932e-05 1.988463e+03 1.013304e+01
1.360000e+02 4.068925e-03 1.655615e-05 1.998859e+03 1.068102e+01
1.370000e+02 4.064913e-03 1.652352e-05 2.008958e+03 1.116708e+01
1.380000e+02 4.060729e-03 1.648952e-05 2.018982e+03 1.167975e+01
1.390000e+02 4.055995e-03 1.645110e-05 2.029174e+03 1.214013e+01
1.400000e+02 4.050908e-03 1.640986e-05 2.039459e+03 1.244952e+01
1.410000e+02 4.045606e-03 1.636693e-05 2.049507e+03 1.265041e+01
1.420000e+02 4.040423e-03 1.632502e-05 2.059196e+03 1.287762e+01
1.430000e+02 4.034907e-03 1.628047e-05 2.068621e+03 1.304040e+01
1.440000e+02 4.028412e-03 1.622810e-05 2.077770e+03 1.306834e+01
1.450000e+02 4.020885e-03 1.616752e-05 2.086510e+03 1.302146e+01
1.460000e+02 4.013289e-03 1.610649e-05 2.094719e+03 1.296916e+01
1.470000e+02 4.007637e-03 1.606115e-05 2.102441e+03 1.294629e+01
1.480000e+02 4.003930e-03 1.603145e-05 2.109720e+03 1.307337e+01
1.490000e+02 4.001631e-03 1.601305e-05 2.116576e+03 1.336415e+01
1.500000e+02 4.000943e-03 1.600754e-05 2.123018e+03 1.379374e+01
1.510000e+02 4.000829e-03 1.600663e-05 2.129069e+03 1.429556e+01
1.520000e+02 4.000440e-03 1.600352e-05 2.134585e+03 1.475838e+01
1.530000e+02 3.999341e-03 1.599473e-05 2.139513e+03 1.509500e+01
1.540000e+02 3.998945e-03 1.599156e-05 2.144248e+03 1.544961e+01
1.550000e+02 3.999870e-03 1.599896e-05 2.148931e+03 1.583254e+01
1.560000e+02 4.000864e-03 1.600692e-05 2.153462e+03 1.607990e+01
1.570000e+02 4.001773e-03 1.601419e-05 2.157832e+03 1.615986e+01
1.580000e+02 4.003201e-03 1.602562e-05 2.161975e+03 1.626269e+01
1.590000e+02 4.006603e-03 1.605287e-05 2.165942e+03 1.652178e+01
1.600000e+02 4.011433e-03 1.609160e-05 2.169737e+03 1.692437e+01
1.610000e+02 4.017078e-03 1.613691e-05 2.173227e+03 1.732365e+01
1.620000e+02 4.022767e-03 1.618265e-05 2.176355e+03 1.757996e+01
1.630000e+02 4.027979e-03 1.622462e-05 2.179121e+03 1.785390e+01
1.640000e+02 4.031788e-03 1.625531e-05 2.181470e+03 1.806457e+01
1.650000e+02 4.033453e-03 1.626874e-05 2.183288e+03 1.815157e+01
1.660000e+02 4.034917e-03 1.628056e-05 2.184541e+03 1.814957e+01
1.670000e+02 4.036043e-03 1.628964e-05 2.185253e+03 1.808096e+01
1.680000e+02 4.036800e-03 1.629576e-05 2.185511e+03 1.798149e+01
1.690000e+02 4.037458e-03 1.630107e-05 2.185354e+03 1.787324e+01
1.700000e+02 4.036975e-03 1.629717e-05 2.184906e+03 1.776388e+01
1.710000e+02 4.035473e-03 1.628505e-05 2.184181e+03 1.765607e+01
1.720000e+02 4.033067e-03 1.626563e-05 2.183139e+03 1.755241e+01
1.730000e+02 4.029734e-03 1.623876e-05 2.181788e+03 1.745613e+01
1.740000e+02 4.026542e-03 1.621304e-05 2.180203e+03 1.737526e+01
1.750000e+02 4.025168e-03 1.620198e-05 2.178376e+03 1.733748e+01
1.760000e+02 4.025444e-03 1.620420e-05 2.176220e+03 1.737096e+01
1.770000e+02 4.027286e-03 1.621903e-05 2.173997e+03 1.752074e+01
1.780000e+02 4.030760e-03 1.624702e-05 2.171623e+03 1.779134e+01
1.790000e+02 4.034115e-03 1.627408e-05 2.168927e+03 1.797898e+01
1.800000e+02 4.035559e-03 1.628574e-05 2.165931e+03 1.803049e+01
1.810000e+02 4.035148e-03 1.628242e-05 2.162704e+03 1.799034e+01
1.820000e+02 4.033224e-03 1.626690e-05 2.159341e+03 1.790823e+01
1.830000e+02 4.029965e-03 1.624061e-05 2.155907e+03 1.781120e+01
1.840000e+02 4.025731e-03 1.620651e-05 2.152329e+03 1.771045e+01
1.850000e+02 4.020898e-03 1.616762e-05 2.148576e+03 1.760947e+01
1.860000e+02 4.015609e-03 1.612512e-05 2.144683e+03 1.750918e+01
1.870000e+02 4.010787e-03 1.608641e-05 2.140698e+03 1.740989e+01
1.880000e+02 4.006994e-03 1.605600e-05 2.136552e+03 1.731171e+01
1.890000e+02 4.003445e-03 1.602757e-05 2.132135e+03 1.721473e+01
1.900000e+02 4.000757e-03 1.600606e-05 2.127702e+03 1.711878e+01
1.910000e+02 3.998829e-03 1.599063e-05 2.123219e+03 1.702389e+01
1.920000e+02 3.997358e-03 1.597887e-05 2.118591e+03 1.693065e+01
1.930000e+02 3.995480e-03 1.596386e-05 2.113702e+03 1.683933e+01
1.940000e+02 3.993067e-03 1.594459e-05 2.108594e+03 1.675135e+01
1.950000e+02 3.990381e-03 1.592314e-05 2.103000e+03 1.667389e+01
1.960000e+02 3.987763e-03 1.590225e-05 2.097106e+03 1.660541e+01
1.970000e+02 3.985382e-03 1.588327e-05 2.091382e+03 1.653317e+01
1.980000e+02 3.983334e-03 1.586695e-05 2.086074e+03 1.645094e+01
1.990000e+02 3.981677e-03 1.585375e-05 2.080975e+03 1.636445e+01
