**************************************************
*            H E D A C   s e a r c h             *
**************************************************
Started on: 2024-11-01 10:56:58.339571

Parameters:
         method: hedac
          x_min:      0.000
          x_max:    226.000
             dx:      1.000
          y_min:      0.000
          y_max:    315.000
             dy:      1.000

          alpha:      1.000
           beta:      0.500
          gamma:      0.100
          kappa:      0.000
             nu:      0.001
        sigma_m:      1.000
        sigma_c:      2.000
       sigma_ac:      0.100
         source:          difsource

         agents:         40
                  148.000,     55.000
                   82.000,    189.000
                  123.000,    198.000
                  190.000,     98.000
                  145.000,    157.000
                  156.000,     64.000
                   65.000,    220.000
                  100.000,    120.000
                  148.000,     47.000
                  142.000,    173.000
                  147.000,     38.000
                  151.000,     57.000
                  153.000,    220.000
                   62.000,    219.000
                   62.000,    303.000
                  105.000,    231.000
                   67.000,    242.000
                  108.000,    121.000
                   62.000,    309.000
                   41.000,    217.000
                  121.000,    211.000
                  138.000,     89.000
                  140.000,     10.000
                  165.000,    141.000
                   97.000,    202.000
                  168.000,    141.000
                   51.000,    246.000
                  135.000,    224.000
                  173.000,    114.000
                  161.000,     71.000
                  171.000,     98.000
                  147.000,    139.000
                   56.000,    243.000
                   83.000,    121.000
                  163.000,     73.000
                  181.000,     95.000
                   44.000,    220.000
                  124.000,    248.000
                  179.000,    159.000
                  160.000,    126.000
