**************************************************
*            H E D A C   s e a r c h             *
**************************************************
Started on: 2024-11-01 10:42:53.576179

Parameters:
         method: hedac
          x_min:      0.000
          x_max:    226.000
             dx:      1.000
          y_min:      0.000
          y_max:    315.000
             dy:      1.000

          alpha:      1.000
           beta:      0.500
          gamma:      0.100
          kappa:      0.000
             nu:      0.001
        sigma_m:      1.000
        sigma_c:      2.000
       sigma_ac:      0.100
         source:          difsource

         agents:         40
                  146.000,    213.000
                  155.000,    101.000
                   25.000,    227.000
                  149.000,    180.000
                   90.000,    281.000
                   89.000,    235.000
                  166.000,    126.000
                   49.000,    217.000
                   77.000,    306.000
                  105.000,    198.000
                   63.000,    237.000
                   41.000,    206.000
                   93.000,    185.000
                  204.000,    131.000
                  156.000,    215.000
                   43.000,    228.000
                  120.000,    201.000
                  182.000,      9.000
                  174.000,     68.000
                  149.000,    180.000
                  192.000,    129.000
                  134.000,    135.000
                  159.000,     70.000
                  100.000,    204.000
                  168.000,     74.000
                  174.000,    132.000
                  168.000,     70.000
                  175.000,     85.000
                  130.000,    226.000
                   30.000,    209.000
                  110.000,    226.000
                  168.000,     95.000
                  172.000,     78.000
                  149.000,     39.000
                  154.000,    106.000
                   91.000,    232.000
                   70.000,    241.000
                   99.000,    201.000
                   82.000,    195.000
                  155.000,    138.000
