**************************************************
*            H E D A C   s e a r c h             *
**************************************************
Started on: 2024-11-19 14:01:06.729810

Parameters:
         method: hedac
          x_min:      0.000
          x_max:    193.000
             dx:      1.000
          y_min:      0.000
          y_max:    226.000
             dy:      1.000

          alpha:      1.000
           beta:      0.500
          gamma:      0.100
          kappa:      0.000
             nu:      0.001
        sigma_m:      1.000
        sigma_c:      2.000
       sigma_ac:      0.100
         source:          difsource

         agents:         40
                   60.000,    168.000
                  112.000,     72.000
                   55.000,    208.000
                  184.000,     69.000
                   90.000,    111.000
                  121.000,    173.000
                   65.000,    219.000
                  165.000,     52.000
                   92.000,    130.000
                   75.000,    136.000
                  145.000,    143.000
                   58.000,    110.000
                  155.000,    117.000
                   81.000,    117.000
                   52.000,    167.000
                   68.000,    147.000
                  157.000,     46.000
                   63.000,    106.000
                  105.000,    128.000
                  134.000,     78.000
                  128.000,    132.000
                   23.000,    204.000
                  168.000,    126.000
                  140.000,     72.000
                   40.000,    202.000
                   52.000,    133.000
                   83.000,    119.000
                  168.000,    194.000
                   65.000,    216.000
                  138.000,    104.000
                  107.000,    125.000
                   98.000,     80.000
                   74.000,    195.000
                   90.000,     90.000
                  111.000,    126.000
                  158.000,    117.000
                  124.000,     79.000
                   98.000,    150.000
                  136.000,    142.000
                  105.000,     66.000
