           t           E1           E2           E3           E4
0.000000e+00 2.283162e-02 5.212827e-04 7.598466e+02 8.374980e+01
1.000000e+00 2.220037e-02 4.928566e-04 7.492207e+02 8.020769e+01
2.000000e+00 2.139419e-02 4.577113e-04 7.386516e+02 7.894066e+01
3.000000e+00 2.045611e-02 4.184526e-04 7.279553e+02 7.623888e+01
4.000000e+00 1.946456e-02 3.788690e-04 7.172680e+02 7.115286e+01
5.000000e+00 1.846956e-02 3.411246e-04 7.063730e+02 6.603078e+01
6.000000e+00 1.749543e-02 3.060902e-04 6.951116e+02 6.078901e+01
7.000000e+00 1.656481e-02 2.743928e-04 6.838138e+02 5.648594e+01
8.000000e+00 1.570770e-02 2.467318e-04 6.729093e+02 5.117448e+01
9.000000e+00 1.494026e-02 2.232114e-04 6.626356e+02 4.751227e+01
1.000000e+01 1.427141e-02 2.036730e-04 6.531563e+02 4.383144e+01
1.100000e+01 1.369949e-02 1.876759e-04 6.447384e+02 4.091091e+01
1.200000e+01 1.321432e-02 1.746182e-04 6.372993e+02 3.805899e+01
1.300000e+01 1.280224e-02 1.638974e-04 6.304677e+02 3.558755e+01
1.400000e+01 1.245341e-02 1.550873e-04 6.240139e+02 3.316287e+01
1.500000e+01 1.216288e-02 1.479356e-04 6.178991e+02 3.156731e+01
1.600000e+01 1.192562e-02 1.422205e-04 6.122871e+02 3.109580e+01
1.700000e+01 1.171558e-02 1.372548e-04 6.069844e+02 3.227146e+01
1.800000e+01 1.151555e-02 1.326079e-04 6.017555e+02 3.326253e+01
1.900000e+01 1.131623e-02 1.280570e-04 5.964544e+02 3.386264e+01
2.000000e+01 1.111365e-02 1.235132e-04 5.910693e+02 3.378550e+01
2.100000e+01 1.090700e-02 1.189626e-04 5.856357e+02 3.300631e+01
2.200000e+01 1.069963e-02 1.144822e-04 5.800920e+02 3.175136e+01
2.300000e+01 1.049919e-02 1.102329e-04 5.744098e+02 3.029898e+01
2.400000e+01 1.030584e-02 1.062102e-04 5.685137e+02 2.883824e+01
2.500000e+01 1.011669e-02 1.023475e-04 5.622759e+02 2.745280e+01
2.600000e+01 9.928870e-03 9.858245e-05 5.556263e+02 2.616337e+01
2.700000e+01 9.742739e-03 9.492095e-05 5.485851e+02 2.496728e+01
2.800000e+01 9.558253e-03 9.136021e-05 5.413083e+02 2.385593e+01
2.900000e+01 9.375500e-03 8.789999e-05 5.339773e+02 2.282043e+01
3.000000e+01 9.195079e-03 8.454948e-05 5.266548e+02 2.185331e+01
3.100000e+01 9.016997e-03 8.130624e-05 5.194337e+02 2.094758e+01
3.200000e+01 8.841019e-03 7.816361e-05 5.123883e+02 2.009750e+01
3.300000e+01 8.667701e-03 7.512903e-05 5.054687e+02 1.929830e+01
3.400000e+01 8.497192e-03 7.220227e-05 4.987555e+02 1.854565e+01
3.500000e+01 8.330596e-03 6.939883e-05 4.923912e+02 1.783568e+01
3.600000e+01 8.168631e-03 6.672653e-05 4.865151e+02 1.716488e+01
3.700000e+01 8.012977e-03 6.420780e-05 4.812030e+02 1.653010e+01
3.800000e+01 7.867423e-03 6.189634e-05 4.764897e+02 1.592852e+01
3.900000e+01 7.736708e-03 5.985665e-05 4.723985e+02 1.535760e+01
4.000000e+01 7.624408e-03 5.813160e-05 4.690313e+02 1.481505e+01
4.100000e+01 7.529513e-03 5.669356e-05 4.664516e+02 1.429882e+01
4.200000e+01 7.448985e-03 5.548738e-05 4.646431e+02 1.380702e+01
4.300000e+01 7.376887e-03 5.441846e-05 4.635376e+02 1.333798e+01
4.400000e+01 7.308493e-03 5.341407e-05 4.630590e+02 1.289013e+01
4.500000e+01 7.242203e-03 5.244951e-05 4.630933e+02 1.246209e+01
4.600000e+01 7.178687e-03 5.153355e-05 4.635680e+02 1.205257e+01
4.700000e+01 7.120499e-03 5.070150e-05 4.642528e+02 1.166043e+01
4.800000e+01 7.065759e-03 4.992495e-05 4.649602e+02 1.134964e+01
4.900000e+01 7.011582e-03 4.916228e-05 4.655769e+02 1.143037e+01
5.000000e+01 6.957413e-03 4.840559e-05 4.660278e+02 1.192042e+01
5.100000e+01 6.901277e-03 4.762763e-05 4.662824e+02 1.230023e+01
5.200000e+01 6.841334e-03 4.680385e-05 4.664168e+02 1.241679e+01
5.300000e+01 6.779678e-03 4.596403e-05 4.665542e+02 1.232958e+01
5.400000e+01 6.717887e-03 4.513001e-05 4.667103e+02 1.220460e+01
5.500000e+01 6.655974e-03 4.430199e-05 4.667965e+02 1.205336e+01
5.600000e+01 6.593446e-03 4.347352e-05 4.668938e+02 1.182824e+01
5.700000e+01 6.529361e-03 4.263255e-05 4.670300e+02 1.158632e+01
5.800000e+01 6.463154e-03 4.177237e-05 4.671968e+02 1.134065e+01
5.900000e+01 6.395904e-03 4.090759e-05 4.673950e+02 1.109080e+01
6.000000e+01 6.327395e-03 4.003593e-05 4.676648e+02 1.083976e+01
6.100000e+01 6.256918e-03 3.914903e-05 4.679871e+02 1.059120e+01
6.200000e+01 6.185653e-03 3.826230e-05 4.683839e+02 1.034846e+01
6.300000e+01 6.116159e-03 3.740740e-05 4.688886e+02 1.011280e+01
6.400000e+01 6.051935e-03 3.662591e-05 4.695254e+02 9.884356e+00
6.500000e+01 5.996230e-03 3.595477e-05 4.702147e+02 9.662903e+00
6.600000e+01 5.950311e-03 3.540620e-05 4.709348e+02 9.448137e+00
6.700000e+01 5.912477e-03 3.495739e-05 4.717311e+02 9.412872e+00
6.800000e+01 5.880345e-03 3.457846e-05 4.726190e+02 9.450405e+00
6.900000e+01 5.851755e-03 3.424304e-05 4.736346e+02 9.486853e+00
7.000000e+01 5.825034e-03 3.393102e-05 4.747816e+02 9.522264e+00
7.100000e+01 5.799037e-03 3.362883e-05 4.760820e+02 9.556681e+00
7.200000e+01 5.772582e-03 3.332270e-05 4.775222e+02 9.590145e+00
7.300000e+01 5.744093e-03 3.299460e-05 4.791565e+02 9.622694e+00
7.400000e+01 5.713118e-03 3.263972e-05 4.809604e+02 9.654367e+00
7.500000e+01 5.679905e-03 3.226132e-05 4.829488e+02 9.685197e+00
7.600000e+01 5.645387e-03 3.187039e-05 4.850752e+02 9.715217e+00
7.700000e+01 5.611832e-03 3.149266e-05 4.873338e+02 9.744460e+00
7.800000e+01 5.584181e-03 3.118308e-05 4.896692e+02 9.772955e+00
7.900000e+01 5.561532e-03 3.093064e-05 4.919612e+02 9.800730e+00
8.000000e+01 5.541090e-03 3.070368e-05 4.941927e+02 9.827813e+00
8.100000e+01 5.520532e-03 3.047627e-05 4.963423e+02 9.854228e+00
8.200000e+01 5.498923e-03 3.023815e-05 4.983800e+02 9.880000e+00
8.300000e+01 5.476365e-03 2.999058e-05 5.002386e+02 9.905153e+00
8.400000e+01 5.452973e-03 2.973492e-05 5.018577e+02 9.929709e+00
8.500000e+01 5.429738e-03 2.948205e-05 5.032195e+02 9.953687e+00
8.600000e+01 5.406766e-03 2.923312e-05 5.042994e+02 9.977110e+00
8.700000e+01 5.383601e-03 2.898316e-05 5.050937e+02 9.999995e+00
8.800000e+01 5.360734e-03 2.873746e-05 5.056932e+02 1.002236e+01
8.900000e+01 5.336826e-03 2.848171e-05 5.060787e+02 1.004423e+01
9.000000e+01 5.311420e-03 2.821118e-05 5.062380e+02 1.006560e+01
9.100000e+01 5.285261e-03 2.793399e-05 5.061136e+02 1.008651e+01
9.200000e+01 5.258610e-03 2.765297e-05 5.056802e+02 1.010691e+01
9.300000e+01 5.231645e-03 2.737011e-05 5.049382e+02 1.012656e+01
9.400000e+01 5.204102e-03 2.708268e-05 5.038046e+02 1.014415e+01
9.500000e+01 5.175985e-03 2.679082e-05 5.024183e+02 1.015460e+01
9.600000e+01 5.147265e-03 2.649434e-05 5.009104e+02 1.014288e+01
9.700000e+01 5.118402e-03 2.619803e-05 4.992581e+02 1.007734e+01
9.800000e+01 5.089738e-03 2.590544e-05 4.974459e+02 9.914471e+00
9.900000e+01 5.060815e-03 2.561184e-05 4.955084e+02 9.627149e+00
1.000000e+02 5.030945e-03 2.531041e-05 4.934660e+02 9.242741e+00
1.010000e+02 5.000089e-03 2.500089e-05 4.913352e+02 8.847212e+00
1.020000e+02 4.968249e-03 2.468349e-05 4.891096e+02 8.465454e+00
1.030000e+02 4.936039e-03 2.436448e-05 4.867777e+02 8.097495e+00
1.040000e+02 4.904487e-03 2.405399e-05 4.843552e+02 7.760586e+00
1.050000e+02 4.874453e-03 2.376029e-05 4.818494e+02 7.423384e+00
1.060000e+02 4.846470e-03 2.348827e-05 4.792915e+02 7.108070e+00
1.070000e+02 4.820548e-03 2.323768e-05 4.766693e+02 6.901346e+00
1.080000e+02 4.795566e-03 2.299745e-05 4.740075e+02 6.837862e+00
1.090000e+02 4.770964e-03 2.276210e-05 4.713188e+02 6.858132e+00
1.100000e+02 4.746201e-03 2.252642e-05 4.685776e+02 6.878034e+00
1.110000e+02 4.721349e-03 2.229114e-05 4.657987e+02 6.897577e+00
1.120000e+02 4.696269e-03 2.205495e-05 4.629658e+02 6.916773e+00
1.130000e+02 4.670976e-03 2.181802e-05 4.600684e+02 6.935629e+00
1.140000e+02 4.645774e-03 2.158321e-05 4.571134e+02 6.954155e+00
1.150000e+02 4.620677e-03 2.135065e-05 4.541078e+02 6.972359e+00
1.160000e+02 4.596372e-03 2.112664e-05 4.510861e+02 6.990249e+00
1.170000e+02 4.572937e-03 2.091175e-05 4.480565e+02 7.007833e+00
1.180000e+02 4.550169e-03 2.070404e-05 4.450040e+02 7.025120e+00
1.190000e+02 4.528520e-03 2.050749e-05 4.419045e+02 7.042117e+00
1.200000e+02 4.507540e-03 2.031792e-05 4.387474e+02 7.058832e+00
1.210000e+02 4.486001e-03 2.012420e-05 4.355349e+02 7.075271e+00
1.220000e+02 4.462575e-03 1.991458e-05 4.322738e+02 7.091441e+00
1.230000e+02 4.436371e-03 1.968139e-05 4.289854e+02 7.107348e+00
1.240000e+02 4.407424e-03 1.942538e-05 4.256370e+02 7.122999e+00
1.250000e+02 4.376281e-03 1.915183e-05 4.222295e+02 7.138400e+00
1.260000e+02 4.344227e-03 1.887231e-05 4.187136e+02 7.153555e+00
1.270000e+02 4.312064e-03 1.859389e-05 4.151028e+02 7.168462e+00
1.280000e+02 4.280308e-03 1.832103e-05 4.114175e+02 7.183058e+00
1.290000e+02 4.249404e-03 1.805743e-05 4.076564e+02 7.196968e+00
1.300000e+02 4.219341e-03 1.780284e-05 4.037972e+02 7.208516e+00
1.310000e+02 4.190123e-03 1.755713e-05 3.998462e+02 7.212139e+00
1.320000e+02 4.161363e-03 1.731694e-05 3.958025e+02 7.194267e+00
1.330000e+02 4.132264e-03 1.707560e-05 3.916586e+02 7.131727e+00
1.340000e+02 4.102347e-03 1.682925e-05 3.873971e+02 7.000634e+00
1.350000e+02 4.071599e-03 1.657792e-05 3.830725e+02 6.868415e+00
1.360000e+02 4.040395e-03 1.632479e-05 3.786611e+02 6.701532e+00
1.370000e+02 4.008700e-03 1.606968e-05 3.741704e+02 6.470845e+00
1.380000e+02 3.976450e-03 1.581215e-05 3.696104e+02 6.175712e+00
1.390000e+02 3.943413e-03 1.555050e-05 3.649742e+02 5.895940e+00
1.400000e+02 3.909500e-03 1.528419e-05 3.602449e+02 5.871052e+00
1.410000e+02 3.874847e-03 1.501444e-05 3.554854e+02 5.886635e+00
1.420000e+02 3.839569e-03 1.474229e-05 3.507451e+02 5.902009e+00
1.430000e+02 3.803554e-03 1.446702e-05 3.460555e+02 5.917177e+00
1.440000e+02 3.766704e-03 1.418806e-05 3.413954e+02 5.932137e+00
1.450000e+02 3.728825e-03 1.390413e-05 3.367332e+02 5.946879e+00
1.460000e+02 3.689764e-03 1.361436e-05 3.320836e+02 5.961407e+00
1.470000e+02 3.649016e-03 1.331532e-05 3.274687e+02 5.975718e+00
1.480000e+02 3.606317e-03 1.300552e-05 3.229669e+02 5.989854e+00
1.490000e+02 3.561829e-03 1.268662e-05 3.186337e+02 6.003828e+00
1.500000e+02 3.515698e-03 1.236013e-05 3.143976e+02 6.017613e+00
1.510000e+02 3.468079e-03 1.202757e-05 3.102779e+02 6.031221e+00
1.520000e+02 3.419654e-03 1.169403e-05 3.062307e+02 6.044656e+00
1.530000e+02 3.371686e-03 1.136826e-05 3.022546e+02 6.057888e+00
1.540000e+02 3.325602e-03 1.105963e-05 2.983698e+02 6.070777e+00
1.550000e+02 3.281970e-03 1.077133e-05 2.945688e+02 6.082629e+00
1.560000e+02 3.241039e-03 1.050433e-05 2.908414e+02 6.090632e+00
1.570000e+02 3.202765e-03 1.025771e-05 2.871822e+02 6.086256e+00
1.580000e+02 3.166907e-03 1.002930e-05 2.836037e+02 6.051079e+00
1.590000e+02 3.133266e-03 9.817357e-06 2.800876e+02 5.958540e+00
1.600000e+02 3.101907e-03 9.621828e-06 2.766538e+02 5.795519e+00
1.610000e+02 3.072584e-03 9.440770e-06 2.733505e+02 5.628042e+00
1.620000e+02 3.045247e-03 9.273532e-06 2.701744e+02 5.395150e+00
1.630000e+02 3.020662e-03 9.124402e-06 2.671281e+02 5.178831e+00
1.640000e+02 3.000105e-03 9.000628e-06 2.642319e+02 4.952439e+00
1.650000e+02 2.983266e-03 8.899873e-06 2.614965e+02 4.910115e+00
1.660000e+02 2.969062e-03 8.815330e-06 2.588959e+02 4.871342e+00
1.670000e+02 2.956794e-03 8.742628e-06 2.564160e+02 4.832265e+00
1.680000e+02 2.946341e-03 8.680927e-06 2.540261e+02 4.793560e+00
1.690000e+02 2.937420e-03 8.628436e-06 2.517830e+02 4.808283e+00
1.700000e+02 2.929182e-03 8.580109e-06 2.497284e+02 5.021632e+00
1.710000e+02 2.920733e-03 8.530682e-06 2.478500e+02 5.131856e+00
1.720000e+02 2.911586e-03 8.477333e-06 2.461001e+02 5.243135e+00
1.730000e+02 2.901160e-03 8.416731e-06 2.444738e+02 5.307354e+00
1.740000e+02 2.889203e-03 8.347492e-06 2.429538e+02 5.335049e+00
1.750000e+02 2.876075e-03 8.271806e-06 2.415369e+02 5.328617e+00
1.760000e+02 2.862073e-03 8.191460e-06 2.402326e+02 5.378027e+00
1.770000e+02 2.847434e-03 8.107882e-06 2.390214e+02 5.382960e+00
1.780000e+02 2.833000e-03 8.025888e-06 2.378811e+02 5.351868e+00
1.790000e+02 2.819234e-03 7.948081e-06 2.368004e+02 5.310146e+00
1.800000e+02 2.806134e-03 7.874387e-06 2.357644e+02 5.276103e+00
1.810000e+02 2.793428e-03 7.803239e-06 2.347981e+02 5.229190e+00
1.820000e+02 2.781016e-03 7.734051e-06 2.339036e+02 5.175329e+00
1.830000e+02 2.768651e-03 7.665428e-06 2.331303e+02 5.118251e+00
1.840000e+02 2.756386e-03 7.597662e-06 2.324692e+02 5.059672e+00
1.850000e+02 2.744011e-03 7.529595e-06 2.319304e+02 5.000942e+00
1.860000e+02 2.731692e-03 7.462142e-06 2.315015e+02 4.942618e+00
1.870000e+02 2.719508e-03 7.395723e-06 2.311954e+02 4.884862e+00
1.880000e+02 2.707999e-03 7.333258e-06 2.309973e+02 4.827707e+00
1.890000e+02 2.697910e-03 7.278719e-06 2.308956e+02 4.771153e+00
1.900000e+02 2.689538e-03 7.233614e-06 2.308929e+02 4.715194e+00
1.910000e+02 2.683100e-03 7.199026e-06 2.310036e+02 4.659821e+00
1.920000e+02 2.678506e-03 7.174397e-06 2.312456e+02 4.605023e+00
1.930000e+02 2.675578e-03 7.158720e-06 2.316069e+02 4.550793e+00
1.940000e+02 2.673799e-03 7.149199e-06 2.320923e+02 4.497122e+00
1.950000e+02 2.672581e-03 7.142691e-06 2.326743e+02 4.444001e+00
1.960000e+02 2.671267e-03 7.135666e-06 2.333329e+02 4.391421e+00
1.970000e+02 2.669451e-03 7.125968e-06 2.340488e+02 4.339375e+00
1.980000e+02 2.667383e-03 7.114934e-06 2.348169e+02 4.287854e+00
1.990000e+02 2.665314e-03 7.103900e-06 2.356280e+02 4.236851e+00
