**************************************************
*            H E D A C   s e a r c h             *
**************************************************
Started on: 2024-11-19 13:57:18.603207

Parameters:
         method: hedac
          x_min:      0.000
          x_max:    193.000
             dx:      1.000
          y_min:      0.000
          y_max:    226.000
             dy:      1.000

          alpha:      1.000
           beta:      0.500
          gamma:      0.100
          kappa:      0.000
             nu:      0.001
        sigma_m:      1.000
        sigma_c:      2.000
       sigma_ac:      0.100
         source:          difsource

         agents:         40
                   22.000,    194.000
                  119.000,     96.000
                  104.000,     66.000
                  150.000,    194.000
                  156.000,     43.000
                  158.000,     43.000
                  186.000,     71.000
                  124.000,    163.000
                   79.000,    117.000
                   53.000,    167.000
                   60.000,    106.000
                  148.000,    141.000
                  166.000,    123.000
                   50.000,    173.000
                   59.000,    182.000
                   86.000,    170.000
                  119.000,    131.000
                   89.000,     54.000
                   56.000,    153.000
                  133.000,    136.000
                  152.000,    141.000
                  174.000,     63.000
                   76.000,    116.000
                   55.000,    163.000
                  156.000,    118.000
                   32.000,    191.000
                  126.000,    166.000
                   83.000,    117.000
                   35.000,    200.000
                  128.000,     26.000
                  104.000,     64.000
                   54.000,    165.000
                  101.000,    117.000
                   55.000,    211.000
                  146.000,     32.000
                   87.000,    180.000
                  127.000,     88.000
                  161.000,    194.000
                   98.000,     73.000
                  136.000,     24.000
