**************************************************
*            H E D A C   s e a r c h             *
**************************************************
Started on: 2024-11-19 13:48:55.190699

Parameters:
         method: hedac
          x_min:      0.000
          x_max:    193.000
             dx:      1.000
          y_min:      0.000
          y_max:    226.000
             dy:      1.000

          alpha:      1.000
           beta:      0.500
          gamma:      0.100
          kappa:      0.000
             nu:      0.001
        sigma_m:      1.000
        sigma_c:      2.000
       sigma_ac:      0.100
         source:          difsource

         agents:         40
                   44.000,    213.000
                   56.000,    219.000
                   95.000,     76.000
                  101.000,     66.000
                  188.000,     64.000
                   97.000,    180.000
                  129.000,    136.000
                   74.000,     81.000
                  144.000,    146.000
                   65.000,    136.000
                   56.000,    136.000
                  174.000,     61.000
                  128.000,     18.000
                   99.000,    146.000
                  119.000,    132.000
                  127.000,     12.000
                  152.000,     37.000
                  122.000,     94.000
                  141.000,    194.000
                   68.000,    140.000
                  125.000,     84.000
                   80.000,    146.000
                  160.000,     47.000
                  152.000,    129.000
                  145.000,    129.000
                  142.000,     34.000
                   93.000,    143.000
                   60.000,    216.000
                   91.000,    132.000
                   51.000,    213.000
                   88.000,    141.000
                  177.000,     64.000
                   47.000,    191.000
                   66.000,    138.000
                   61.000,    212.000
                  138.000,    143.000
                  157.000,    145.000
                   84.000,     85.000
                  152.000,    112.000
                  140.000,    146.000
