**************************************************
*            H E D A C   s e a r c h             *
**************************************************
Started on: 2024-11-19 14:42:22.738277

Parameters:
         method: hedac
          x_min:      0.000
          x_max:    149.000
             dx:      1.000
          y_min:      0.000
          y_max:    307.000
             dy:      1.000

          alpha:      1.000
           beta:      0.500
          gamma:      0.100
          kappa:      0.000
             nu:      0.001
        sigma_m:      1.000
        sigma_c:      2.000
       sigma_ac:      0.100
         source:          difsource

         agents:         40
                  110.000,     83.000
                   96.000,    277.000
                   56.000,    201.000
                   93.000,    181.000
                   83.000,    163.000
                   60.000,    106.000
                   85.000,    116.000
                   75.000,    249.000
                  103.000,     66.000
                   87.000,    133.000
                   81.000,    246.000
                  110.000,     83.000
                   73.000,    152.000
                   69.000,    154.000
                   77.000,    257.000
                   42.000,    173.000
                   66.000,    178.000
                   33.000,    166.000
                   81.000,     25.000
                  110.000,    277.000
                   97.000,    275.000
                  111.000,     81.000
                   64.000,     85.000
                   71.000,    247.000
                   69.000,    155.000
                   72.000,    155.000
                   70.000,     73.000
                   37.000,    190.000
                   63.000,     55.000
                   57.000,    201.000
                   84.000,    120.000
                   56.000,    193.000
                  108.000,    270.000
                   47.000,    164.000
                   55.000,    221.000
                   82.000,     39.000
                   53.000,    124.000
                   89.000,     93.000
                   60.000,     78.000
                  107.000,     72.000
