**************************************************
*            H E D A C   s e a r c h             *
**************************************************
Started on: 2024-11-19 16:21:23.159582

Parameters:
         method: hedac
          x_min:      0.000
          x_max:    456.000
             dx:      1.000
          y_min:      0.000
          y_max:    478.000
             dy:      1.000

          alpha:      1.000
           beta:      0.500
          gamma:      0.100
          kappa:      0.000
             nu:      0.001
        sigma_m:      1.000
        sigma_c:      2.000
       sigma_ac:      0.100
         source:          difsource

         agents:         40
                   62.000,    100.000
                  239.000,     28.000
                   84.000,    204.000
                  257.000,    222.000
                  257.000,    145.000
                  436.000,    158.000
                  377.000,    133.000
                  159.000,    253.000
                  176.000,    301.000
                   17.000,     37.000
                  167.000,    280.000
                  214.000,    111.000
                  297.000,     41.000
                   61.000,    206.000
                  136.000,    286.000
                  188.000,    174.000
                  345.000,    109.000
                  283.000,     51.000
                  172.000,     91.000
                  202.000,    302.000
                  255.000,    458.000
                   61.000,    194.000
                  338.000,     83.000
                   98.000,    253.000
                  127.000,    123.000
                  379.000,    131.000
                  216.000,    315.000
                  169.000,    328.000
                  173.000,    300.000
                  241.000,    458.000
                  202.000,    211.000
                  226.000,    111.000
                  176.000,    295.000
                  186.000,    237.000
                   69.000,    208.000
                   45.000,     25.000
                  221.000,    308.000
                  424.000,    147.000
                  261.000,    232.000
                  447.000,    162.000
