**************************************************
*            H E D A C   s e a r c h             *
**************************************************
Started on: 2024-11-19 13:57:03.935241

Parameters:
         method: hedac
          x_min:      0.000
          x_max:    193.000
             dx:      1.000
          y_min:      0.000
          y_max:    226.000
             dy:      1.000

          alpha:      1.000
           beta:      0.500
          gamma:      0.100
          kappa:      0.000
             nu:      0.001
        sigma_m:      1.000
        sigma_c:      2.000
       sigma_ac:      0.100
         source:          difsource

         agents:         40
                   62.000,    187.000
                   83.000,    117.000
                   85.000,    140.000
                   50.000,    134.000
                  156.000,    174.000
                   95.000,    146.000
                   83.000,    173.000
                  172.000,    107.000
                   92.000,     54.000
                  163.000,    125.000
                  144.000,     28.000
                   47.000,    206.000
                  135.000,     90.000
                   23.000,    204.000
                   57.000,    107.000
                  125.000,    166.000
                   97.000,     87.000
                  125.000,    165.000
                   67.000,    140.000
                  173.000,     63.000
                  105.000,    128.000
                  143.000,    151.000
                  138.000,     29.000
                   59.000,    133.000
                  161.000,    194.000
                  153.000,    176.000
                  156.000,     50.000
                  142.000,    141.000
                   74.000,     85.000
                  139.000,    195.000
                   95.000,     85.000
                   63.000,    195.000
                  115.000,    129.000
                   80.000,     81.000
                  146.000,    129.000
                  150.000,    157.000
                  109.000,    159.000
                  151.000,    144.000
                  129.000,    197.000
                  147.000,    127.000
