**************************************************
*            H E D A C   s e a r c h             *
**************************************************
Started on: 2024-11-05 16:14:45.732667

Parameters:
         method: hedac
          x_min:      0.000
          x_max:    226.000
             dx:      1.000
          y_min:      0.000
          y_max:    315.000
             dy:      1.000

          alpha:      1.000
           beta:      0.500
          gamma:      0.100
          kappa:      0.000
             nu:      0.001
        sigma_m:      1.000
        sigma_c:      2.000
       sigma_ac:      0.100
         source:          difsource

         agents:         40
                  141.000,    170.000
                  132.000,    135.000
                  184.000,    136.000
                  120.000,    252.000
                  100.000,    225.000
                  118.000,    209.000
                   90.000,    233.000
                   31.000,    228.000
                  181.000,    150.000
                   98.000,    200.000
                   91.000,    180.000
                   45.000,    211.000
                  157.000,    137.000
                   78.000,    129.000
                   51.000,    247.000
                   87.000,    131.000
                  119.000,    257.000
                  169.000,     83.000
                  173.000,    106.000
                   31.000,    221.000
                  178.000,    104.000
                  117.000,    248.000
                   92.000,    235.000
                  138.000,    227.000
                  126.000,    247.000
                  156.000,    186.000
                  183.000,     95.000
                  128.000,    109.000
                  153.000,    144.000
                  134.000,     94.000
                  146.000,    207.000
                   86.000,    303.000
                  128.000,    114.000
                  121.000,    114.000
                  168.000,    143.000
                  118.000,    248.000
                   30.000,    220.000
                   36.000,    223.000
                  163.000,     61.000
                  154.000,    210.000
