**************************************************
*            H E D A C   s e a r c h             *
**************************************************
Started on: 2024-11-19 14:50:51.721362

Parameters:
         method: hedac
          x_min:      0.000
          x_max:    149.000
             dx:      1.000
          y_min:      0.000
          y_max:    307.000
             dy:      1.000

          alpha:      1.000
           beta:      0.500
          gamma:      0.100
          kappa:      0.000
             nu:      0.001
        sigma_m:      1.000
        sigma_c:      2.000
       sigma_ac:      0.100
         source:          difsource

         agents:         40
                   60.000,     39.000
                   78.000,    306.000
                   73.000,    260.000
                  115.000,    255.000
                   57.000,    232.000
                   68.000,     28.000
                   91.000,    130.000
                   74.000,     11.000
                   91.000,    262.000
                   89.000,     52.000
                   52.000,    235.000
                   33.000,    183.000
                   55.000,    217.000
                   83.000,    160.000
                   58.000,     97.000
                   59.000,    191.000
                   57.000,    238.000
                  106.000,    228.000
                   57.000,    242.000
                   48.000,    134.000
                   65.000,    160.000
                   28.000,    181.000
                   85.000,    164.000
                   62.000,     67.000
                   96.000,     44.000
                   61.000,    102.000
                   66.000,    152.000
                  119.000,    248.000
                   66.000,     84.000
                   81.000,    289.000
                   57.000,    243.000
                   88.000,    173.000
                   86.000,    259.000
                   45.000,    157.000
                   65.000,     36.000
                   84.000,    156.000
                   49.000,    169.000
                  105.000,    285.000
                   63.000,     59.000
                  121.000,    240.000
