**************************************************
*            H E D A C   s e a r c h             *
**************************************************
Started on: 2024-11-05 16:06:11.186889

Parameters:
         method: hedac
          x_min:      0.000
          x_max:    226.000
             dx:      1.000
          y_min:      0.000
          y_max:    315.000
             dy:      1.000

          alpha:      1.000
           beta:      0.500
          gamma:      0.100
          kappa:      0.000
             nu:      0.001
        sigma_m:      1.000
        sigma_c:      2.000
       sigma_ac:      0.100
         source:          difsource

         agents:         40
                    7.000,    244.000
                   13.000,    226.000
                  144.000,    162.000
                  191.000,    142.000
                  102.000,    192.000
                  115.000,    121.000
                  215.000,    127.000
                  129.000,    247.000
                  176.000,    143.000
                  168.000,    138.000
                   61.000,    213.000
                   82.000,    295.000
                   33.000,    229.000
                  157.000,     44.000
                   68.000,    240.000
                  110.000,    261.000
                   15.000,    231.000
                  128.000,    244.000
                  124.000,    250.000
                  147.000,    175.000
                  176.000,    202.000
                  147.000,    159.000
                  151.000,    143.000
                  179.000,    123.000
                  174.000,    109.000
                  164.000,    101.000
                    9.000,    239.000
                  202.000,    122.000
                  122.000,    212.000
                  217.000,    121.000
                   96.000,    116.000
                   11.000,    230.000
                  160.000,    184.000
                  124.000,    114.000
                   94.000,    286.000
                  187.000,     92.000
                  151.000,     36.000
                  102.000,    269.000
                   56.000,    206.000
                  130.000,    190.000
