**************************************************
*            H E D A C   s e a r c h             *
**************************************************
Started on: 2024-11-05 16:15:26.280082

Parameters:
         method: hedac
          x_min:      0.000
          x_max:    226.000
             dx:      1.000
          y_min:      0.000
          y_max:    315.000
             dy:      1.000

          alpha:      1.000
           beta:      0.500
          gamma:      0.100
          kappa:      0.000
             nu:      0.001
        sigma_m:      1.000
        sigma_c:      2.000
       sigma_ac:      0.100
         source:          difsource

         agents:         40
                  187.000,      6.000
                  149.000,    116.000
                   76.000,    296.000
                  169.000,    189.000
                  157.000,    153.000
                  152.000,    214.000
                  137.000,    171.000
                   85.000,    197.000
                   35.000,    227.000
                    9.000,    237.000
                  128.000,    189.000
                  172.000,    195.000
                   51.000,    230.000
                  133.000,    241.000
                   41.000,    220.000
                   35.000,    217.000
                  162.000,    211.000
                  192.000,    139.000
                  148.000,     21.000
                   67.000,    299.000
                  139.000,    180.000
                  158.000,     34.000
                   37.000,    201.000
                  156.000,    133.000
                  185.000,    115.000
                   94.000,    229.000
                  139.000,    194.000
                  152.000,     40.000
                  166.000,     62.000
                  165.000,     71.000
                   41.000,    209.000
                   30.000,    213.000
                   96.000,    284.000
                  175.000,     94.000
                  158.000,     74.000
                  104.000,    201.000
                  148.000,     24.000
                   43.000,    224.000
                  129.000,    113.000
                   42.000,    217.000
