**************************************************
*            H E D A C   s e a r c h             *
**************************************************
Started on: 2024-11-19 17:01:40.243916

Parameters:
         method: hedac
          x_min:      0.000
          x_max:    456.000
             dx:      1.000
          y_min:      0.000
          y_max:    478.000
             dy:      1.000

          alpha:      1.000
           beta:      0.500
          gamma:      0.100
          kappa:      0.000
             nu:      0.001
        sigma_m:      1.000
        sigma_c:      2.000
       sigma_ac:      0.100
         source:          difsource

         agents:         40
                   15.000,     33.000
                   67.000,    212.000
                  273.000,    474.000
                   56.000,    166.000
                  158.000,    337.000
                  197.000,    207.000
                  195.000,    273.000
                   46.000,    138.000
                  276.000,    318.000
                  224.000,    117.000
                  262.000,    297.000
                  178.000,     22.000
                  113.000,    245.000
                  108.000,     51.000
                  161.000,    380.000
                   48.000,     58.000
                  149.000,    254.000
                  176.000,    297.000
                  403.000,    139.000
                  217.000,    309.000
                  266.000,     45.000
                  125.000,     56.000
                   66.000,    151.000
                  395.000,    134.000
                  165.000,     51.000
                  437.000,    159.000
                   60.000,    109.000
                   84.000,    203.000
                   67.000,    105.000
                  189.000,    223.000
                   58.000,    158.000
                   64.000,     70.000
                  177.000,     35.000
                   69.000,    175.000
                   57.000,    204.000
                    7.000,     40.000
                  265.000,    316.000
                  176.000,    295.000
                  162.000,     51.000
                  267.000,     45.000
