           t           E1           E2           E3           E4
0.000000e+00 2.154372e-02 4.641318e-04 7.053588e+02 6.905715e+01
1.000000e+00 2.091323e-02 4.373632e-04 6.931508e+02 6.528499e+01
2.000000e+00 2.014130e-02 4.056719e-04 6.811182e+02 6.015424e+01
3.000000e+00 1.928385e-02 3.718669e-04 6.681794e+02 5.742508e+01
4.000000e+00 1.836850e-02 3.374016e-04 6.542337e+02 5.170938e+01
5.000000e+00 1.743261e-02 3.038959e-04 6.401037e+02 4.682801e+01
6.000000e+00 1.649231e-02 2.719962e-04 6.260605e+02 4.365682e+01
7.000000e+00 1.557157e-02 2.424737e-04 6.123013e+02 4.089428e+01
8.000000e+00 1.472553e-02 2.168412e-04 5.993853e+02 3.825713e+01
9.000000e+00 1.398091e-02 1.954659e-04 5.876235e+02 3.550153e+01
1.000000e+01 1.333794e-02 1.779007e-04 5.770717e+02 3.233352e+01
1.100000e+01 1.278628e-02 1.634891e-04 5.676050e+02 2.925315e+01
1.200000e+01 1.232110e-02 1.518096e-04 5.588216e+02 2.667998e+01
1.300000e+01 1.192370e-02 1.421747e-04 5.504408e+02 2.427684e+01
1.400000e+01 1.157092e-02 1.338863e-04 5.422836e+02 2.353089e+01
1.500000e+01 1.124875e-02 1.265344e-04 5.339723e+02 2.424727e+01
1.600000e+01 1.094681e-02 1.198327e-04 5.254016e+02 2.434358e+01
1.700000e+01 1.066105e-02 1.136581e-04 5.168189e+02 2.366007e+01
1.800000e+01 1.039104e-02 1.079736e-04 5.084550e+02 2.275225e+01
1.900000e+01 1.013585e-02 1.027355e-04 5.004025e+02 2.170386e+01
2.000000e+01 9.894948e-03 9.790999e-05 4.926845e+02 2.049015e+01
2.100000e+01 9.671083e-03 9.352985e-05 4.853304e+02 1.928488e+01
2.200000e+01 9.475189e-03 8.977920e-05 4.784337e+02 1.815464e+01
2.300000e+01 9.308209e-03 8.664276e-05 4.719038e+02 1.711363e+01
2.400000e+01 9.171910e-03 8.412393e-05 4.656457e+02 1.615896e+01
2.500000e+01 9.059708e-03 8.207831e-05 4.596403e+02 1.784656e+01
2.600000e+01 8.960061e-03 8.028269e-05 4.538593e+02 1.964029e+01
2.700000e+01 8.859327e-03 7.848767e-05 4.484389e+02 2.118181e+01
2.800000e+01 8.746863e-03 7.650760e-05 4.434114e+02 2.253202e+01
2.900000e+01 8.620764e-03 7.431757e-05 4.387288e+02 2.372832e+01
3.000000e+01 8.483688e-03 7.197296e-05 4.343705e+02 2.481089e+01
3.100000e+01 8.338183e-03 6.952530e-05 4.303266e+02 2.542178e+01
3.200000e+01 8.187044e-03 6.702768e-05 4.266056e+02 2.549920e+01
3.300000e+01 8.033953e-03 6.454440e-05 4.232007e+02 2.512740e+01
3.400000e+01 7.882834e-03 6.213906e-05 4.202141e+02 2.448193e+01
3.500000e+01 7.736988e-03 5.986099e-05 4.176314e+02 2.372577e+01
3.600000e+01 7.598353e-03 5.773496e-05 4.154654e+02 2.295555e+01
3.700000e+01 7.466434e-03 5.574764e-05 4.136848e+02 2.221071e+01
3.800000e+01 7.339213e-03 5.386405e-05 4.123271e+02 2.150127e+01
3.900000e+01 7.214965e-03 5.205573e-05 4.114570e+02 2.082725e+01
4.000000e+01 7.093588e-03 5.031900e-05 4.110607e+02 2.018652e+01
4.100000e+01 6.975989e-03 4.866443e-05 4.111028e+02 1.957677e+01
4.200000e+01 6.863159e-03 4.710296e-05 4.115658e+02 1.899584e+01
4.300000e+01 6.753998e-03 4.561648e-05 4.123695e+02 1.844177e+01
4.400000e+01 6.646698e-03 4.417859e-05 4.134581e+02 1.791273e+01
4.500000e+01 6.541155e-03 4.278671e-05 4.148315e+02 1.740707e+01
4.600000e+01 6.438361e-03 4.145249e-05 4.164963e+02 1.692327e+01
4.700000e+01 6.340405e-03 4.020074e-05 4.184044e+02 1.645996e+01
4.800000e+01 6.246604e-03 3.902006e-05 4.204437e+02 1.601588e+01
4.900000e+01 6.160204e-03 3.794812e-05 4.225961e+02 1.559000e+01
5.000000e+01 6.081722e-03 3.698735e-05 4.248021e+02 1.518118e+01
5.100000e+01 6.011094e-03 3.613325e-05 4.269863e+02 1.478824e+01
5.200000e+01 5.948103e-03 3.537993e-05 4.290237e+02 1.441025e+01
5.300000e+01 5.889007e-03 3.468040e-05 4.308026e+02 1.404638e+01
5.400000e+01 5.830232e-03 3.399161e-05 4.322812e+02 1.369984e+01
5.500000e+01 5.770504e-03 3.329871e-05 4.334353e+02 1.338006e+01
5.600000e+01 5.710658e-03 3.261161e-05 4.342061e+02 1.357180e+01
5.700000e+01 5.651367e-03 3.193794e-05 4.345901e+02 1.381688e+01
5.800000e+01 5.593215e-03 3.128406e-05 4.346731e+02 1.385569e+01
5.900000e+01 5.534159e-03 3.062691e-05 4.344010e+02 1.371416e+01
6.000000e+01 5.471906e-03 2.994175e-05 4.338012e+02 1.359017e+01
6.100000e+01 5.405655e-03 2.922111e-05 4.328732e+02 1.337699e+01
6.200000e+01 5.336059e-03 2.847352e-05 4.316679e+02 1.310539e+01
6.300000e+01 5.265389e-03 2.772432e-05 4.302428e+02 1.281884e+01
6.400000e+01 5.196335e-03 2.700190e-05 4.286149e+02 1.253470e+01
6.500000e+01 5.131397e-03 2.633123e-05 4.269343e+02 1.225822e+01
6.600000e+01 5.071371e-03 2.571880e-05 4.252582e+02 1.199034e+01
6.700000e+01 5.016991e-03 2.517020e-05 4.235469e+02 1.173076e+01
6.800000e+01 4.969651e-03 2.469743e-05 4.217161e+02 1.147899e+01
6.900000e+01 4.931174e-03 2.431647e-05 4.197570e+02 1.123478e+01
7.000000e+01 4.902037e-03 2.402997e-05 4.173861e+02 1.099716e+01
7.100000e+01 4.880331e-03 2.381763e-05 4.144981e+02 1.076540e+01
7.200000e+01 4.863777e-03 2.365633e-05 4.112050e+02 1.053951e+01
7.300000e+01 4.850292e-03 2.352533e-05 4.076485e+02 1.031951e+01
7.400000e+01 4.836780e-03 2.339444e-05 4.039165e+02 1.010533e+01
7.500000e+01 4.820115e-03 2.323351e-05 4.000286e+02 9.896804e+00
7.600000e+01 4.797120e-03 2.301236e-05 3.959615e+02 9.693739e+00
7.700000e+01 4.765495e-03 2.270995e-05 3.917075e+02 9.495932e+00
7.800000e+01 4.724649e-03 2.232230e-05 3.872676e+02 9.303183e+00
7.900000e+01 4.675399e-03 2.185936e-05 3.826309e+02 9.115302e+00
8.000000e+01 4.619716e-03 2.134178e-05 3.777912e+02 8.932105e+00
8.100000e+01 4.560306e-03 2.079639e-05 3.727644e+02 8.753421e+00
8.200000e+01 4.500152e-03 2.025137e-05 3.675160e+02 8.579084e+00
8.300000e+01 4.441607e-03 1.972787e-05 3.620300e+02 8.408938e+00
8.400000e+01 4.385550e-03 1.923304e-05 3.563883e+02 8.242834e+00
8.500000e+01 4.331828e-03 1.876473e-05 3.505934e+02 8.080628e+00
8.600000e+01 4.280181e-03 1.831995e-05 3.446794e+02 7.922186e+00
8.700000e+01 4.230708e-03 1.789889e-05 3.386591e+02 7.767378e+00
8.800000e+01 4.183597e-03 1.750249e-05 3.325750e+02 7.616080e+00
8.900000e+01 4.139004e-03 1.713136e-05 3.264289e+02 7.468174e+00
9.000000e+01 4.096779e-03 1.678360e-05 3.202644e+02 7.323548e+00
9.100000e+01 4.057296e-03 1.646165e-05 3.140960e+02 7.182093e+00
9.200000e+01 4.020978e-03 1.616827e-05 3.079415e+02 7.043707e+00
9.300000e+01 3.987767e-03 1.590228e-05 3.017904e+02 6.908290e+00
9.400000e+01 3.956800e-03 1.565626e-05 2.956633e+02 6.924385e+00
9.500000e+01 3.927110e-03 1.542219e-05 2.895541e+02 6.955455e+00
9.600000e+01 3.898420e-03 1.519768e-05 2.834772e+02 6.985876e+00
9.700000e+01 3.870308e-03 1.497928e-05 2.774467e+02 7.015638e+00
9.800000e+01 3.842717e-03 1.476647e-05 2.714756e+02 7.044549e+00
9.900000e+01 3.816088e-03 1.456253e-05 2.655806e+02 7.071510e+00
1.000000e+02 3.790649e-03 1.436902e-05 2.597702e+02 7.092027e+00
1.010000e+02 3.766109e-03 1.418357e-05 2.540208e+02 7.092600e+00
1.020000e+02 3.742168e-03 1.400382e-05 2.483627e+02 7.044128e+00
1.030000e+02 3.718613e-03 1.382808e-05 2.428809e+02 6.925424e+00
1.040000e+02 3.694567e-03 1.364983e-05 2.375797e+02 6.783182e+00
1.050000e+02 3.669047e-03 1.346191e-05 2.324537e+02 6.522843e+00
1.060000e+02 3.641272e-03 1.325886e-05 2.274898e+02 6.171415e+00
1.070000e+02 3.610990e-03 1.303925e-05 2.227264e+02 5.811061e+00
1.080000e+02 3.578365e-03 1.280470e-05 2.181633e+02 5.472560e+00
1.090000e+02 3.544259e-03 1.256178e-05 2.137880e+02 5.383173e+00
1.100000e+02 3.509985e-03 1.231999e-05 2.095906e+02 5.392969e+00
1.110000e+02 3.476844e-03 1.208845e-05 2.055583e+02 5.402589e+00
1.120000e+02 3.445757e-03 1.187324e-05 2.017191e+02 5.412037e+00
1.130000e+02 3.417014e-03 1.167598e-05 1.980842e+02 5.421319e+00
1.140000e+02 3.390571e-03 1.149597e-05 1.946832e+02 5.430438e+00
1.150000e+02 3.365974e-03 1.132978e-05 1.914951e+02 5.439398e+00
1.160000e+02 3.342807e-03 1.117436e-05 1.885104e+02 5.448205e+00
1.170000e+02 3.320549e-03 1.102604e-05 1.857194e+02 5.456861e+00
1.180000e+02 3.298255e-03 1.087848e-05 1.831026e+02 5.465370e+00
1.190000e+02 3.275212e-03 1.072701e-05 1.806445e+02 5.473737e+00
1.200000e+02 3.251144e-03 1.056994e-05 1.783396e+02 5.481965e+00
1.210000e+02 3.226360e-03 1.040940e-05 1.761801e+02 5.490057e+00
1.220000e+02 3.201261e-03 1.024807e-05 1.741703e+02 5.498016e+00
1.230000e+02 3.175582e-03 1.008432e-05 1.723122e+02 5.505846e+00
1.240000e+02 3.149181e-03 9.917343e-06 1.706040e+02 5.513550e+00
1.250000e+02 3.122236e-03 9.748357e-06 1.690406e+02 5.521132e+00
1.260000e+02 3.095500e-03 9.582120e-06 1.676113e+02 5.528592e+00
1.270000e+02 3.069819e-03 9.423787e-06 1.663299e+02 5.535936e+00
1.280000e+02 3.045420e-03 9.274586e-06 1.652254e+02 5.543165e+00
1.290000e+02 3.021433e-03 9.129057e-06 1.643107e+02 5.550282e+00
1.300000e+02 2.997485e-03 8.984915e-06 1.635881e+02 5.557290e+00
1.310000e+02 2.974114e-03 8.845352e-06 1.630437e+02 5.564190e+00
1.320000e+02 2.951838e-03 8.713348e-06 1.626609e+02 5.570972e+00
1.330000e+02 2.930553e-03 8.588140e-06 1.624158e+02 5.577554e+00
1.340000e+02 2.909674e-03 8.466202e-06 1.623023e+02 5.583499e+00
1.350000e+02 2.888708e-03 8.344632e-06 1.623035e+02 5.586848e+00
1.360000e+02 2.867389e-03 8.221917e-06 1.623969e+02 5.581206e+00
1.370000e+02 2.845412e-03 8.096369e-06 1.625772e+02 5.550643e+00
1.380000e+02 2.821603e-03 7.961445e-06 1.628453e+02 5.467257e+00
1.390000e+02 2.795121e-03 7.812703e-06 1.631905e+02 5.302647e+00
1.400000e+02 2.766067e-03 7.651125e-06 1.636247e+02 5.109237e+00
1.410000e+02 2.735913e-03 7.485218e-06 1.641564e+02 4.896151e+00
1.420000e+02 2.706736e-03 7.326420e-06 1.647862e+02 4.616572e+00
1.430000e+02 2.680813e-03 7.186757e-06 1.655067e+02 4.331441e+00
1.440000e+02 2.659125e-03 7.070948e-06 1.663214e+02 4.206535e+00
1.450000e+02 2.641548e-03 6.977778e-06 1.672298e+02 4.085550e+00
1.460000e+02 2.628085e-03 6.906830e-06 1.682068e+02 3.897765e+00
1.470000e+02 2.617974e-03 6.853789e-06 1.692534e+02 3.770787e+00
1.480000e+02 2.610339e-03 6.813872e-06 1.704044e+02 3.647551e+00
1.490000e+02 2.604597e-03 6.783927e-06 1.716802e+02 3.593563e+00
1.500000e+02 2.600257e-03 6.761336e-06 1.730793e+02 3.574191e+00
1.510000e+02 2.596982e-03 6.744317e-06 1.745983e+02 3.710782e+00
1.520000e+02 2.594586e-03 6.731874e-06 1.762284e+02 3.846862e+00
1.530000e+02 2.592804e-03 6.722632e-06 1.779589e+02 3.917504e+00
1.540000e+02 2.591907e-03 6.717984e-06 1.797921e+02 3.946785e+00
1.550000e+02 2.592346e-03 6.720256e-06 1.817299e+02 3.976811e+00
1.560000e+02 2.594551e-03 6.731694e-06 1.837773e+02 4.035342e+00
1.570000e+02 2.598101e-03 6.750131e-06 1.859238e+02 4.140927e+00
1.580000e+02 2.602578e-03 6.773411e-06 1.881308e+02 4.195518e+00
1.590000e+02 2.608055e-03 6.801950e-06 1.903530e+02 4.195513e+00
1.600000e+02 2.614271e-03 6.834413e-06 1.925837e+02 4.159070e+00
1.610000e+02 2.620856e-03 6.868888e-06 1.948148e+02 4.105350e+00
1.620000e+02 2.627844e-03 6.905564e-06 1.970449e+02 4.045983e+00
1.630000e+02 2.635576e-03 6.946260e-06 1.992505e+02 3.985596e+00
1.640000e+02 2.644027e-03 6.990881e-06 2.014038e+02 4.003165e+00
1.650000e+02 2.652956e-03 7.038177e-06 2.034933e+02 4.033253e+00
1.660000e+02 2.662110e-03 7.086830e-06 2.055242e+02 4.098824e+00
1.670000e+02 2.671398e-03 7.136367e-06 2.075120e+02 4.227796e+00
1.680000e+02 2.680780e-03 7.186579e-06 2.094595e+02 4.327657e+00
1.690000e+02 2.689789e-03 7.234963e-06 2.113890e+02 4.345066e+00
1.700000e+02 2.698302e-03 7.280832e-06 2.133046e+02 4.316239e+00
1.710000e+02 2.706305e-03 7.324089e-06 2.152071e+02 4.270767e+00
1.720000e+02 2.713542e-03 7.363309e-06 2.170956e+02 4.243854e+00
1.730000e+02 2.719721e-03 7.396881e-06 2.189670e+02 4.261433e+00
1.740000e+02 2.724718e-03 7.424089e-06 2.208129e+02 4.376228e+00
1.750000e+02 2.728727e-03 7.445949e-06 2.226231e+02 4.512356e+00
1.760000e+02 2.731826e-03 7.462871e-06 2.243840e+02 4.613370e+00
1.770000e+02 2.734014e-03 7.474833e-06 2.260938e+02 4.663729e+00
1.780000e+02 2.735086e-03 7.480696e-06 2.277507e+02 4.654881e+00
1.790000e+02 2.734885e-03 7.479597e-06 2.293653e+02 4.617449e+00
1.800000e+02 2.733266e-03 7.470744e-06 2.309432e+02 4.569752e+00
1.810000e+02 2.730348e-03 7.454799e-06 2.324856e+02 4.519459e+00
1.820000e+02 2.726720e-03 7.435001e-06 2.340118e+02 4.469027e+00
1.830000e+02 2.723594e-03 7.417963e-06 2.355341e+02 4.419027e+00
1.840000e+02 2.722115e-03 7.409909e-06 2.370769e+02 4.369558e+00
1.850000e+02 2.722168e-03 7.410200e-06 2.386574e+02 4.320619e+00
1.860000e+02 2.723084e-03 7.415187e-06 2.402798e+02 4.272206e+00
1.870000e+02 2.724546e-03 7.423150e-06 2.419565e+02 4.224308e+00
1.880000e+02 2.726480e-03 7.433692e-06 2.436650e+02 4.176917e+00
1.890000e+02 2.728849e-03 7.446616e-06 2.453916e+02 4.130025e+00
1.900000e+02 2.731393e-03 7.460508e-06 2.471377e+02 4.083627e+00
1.910000e+02 2.734433e-03 7.477125e-06 2.489001e+02 4.037713e+00
1.920000e+02 2.738135e-03 7.497382e-06 2.506684e+02 3.992277e+00
1.930000e+02 2.742400e-03 7.520760e-06 2.524441e+02 3.947312e+00
1.940000e+02 2.747097e-03 7.546541e-06 2.542327e+02 3.902809e+00
1.950000e+02 2.752081e-03 7.573948e-06 2.560370e+02 3.951991e+00
1.960000e+02 2.756967e-03 7.600867e-06 2.578541e+02 4.110372e+00
1.970000e+02 2.761609e-03 7.626483e-06 2.596969e+02 4.277973e+00
1.980000e+02 2.765501e-03 7.647997e-06 2.615682e+02 4.409640e+00
1.990000e+02 2.767954e-03 7.661568e-06 2.634667e+02 4.732441e+00
