**************************************************
*            H E D A C   s e a r c h             *
**************************************************
Started on: 2024-11-19 13:57:55.851272

Parameters:
         method: hedac
          x_min:      0.000
          x_max:    193.000
             dx:      1.000
          y_min:      0.000
          y_max:    226.000
             dy:      1.000

          alpha:      1.000
           beta:      0.500
          gamma:      0.100
          kappa:      0.000
             nu:      0.001
        sigma_m:      1.000
        sigma_c:      2.000
       sigma_ac:      0.100
         source:          difsource

         agents:         40
                   91.000,    141.000
                   61.000,    105.000
                   55.000,    194.000
                  151.000,     62.000
                   59.000,    217.000
                  149.000,    145.000
                  161.000,    194.000
                   92.000,    135.000
                   96.000,     60.000
                   87.000,    120.000
                  161.000,    130.000
                  121.000,    166.000
                   78.000,    176.000
                  147.000,    142.000
                  108.000,     94.000
                   36.000,    190.000
                   62.000,    209.000
                   76.000,    111.000
                  146.000,     65.000
                   36.000,    181.000
                  115.000,    181.000
                  172.000,     56.000
                   67.000,    218.000
                  103.000,    123.000
                   92.000,     83.000
                  149.000,     50.000
                  113.000,     69.000
                  132.000,     75.000
                  161.000,    128.000
                  114.000,    163.000
                   58.000,    212.000
                   52.000,    209.000
                  131.000,     79.000
                   55.000,    170.000
                  106.000,    155.000
                  155.000,    141.000
                   63.000,    191.000
                  153.000,     50.000
                   90.000,    123.000
                  148.000,    193.000
