**************************************************
*            H E D A C   s e a r c h             *
**************************************************
Started on: 2024-11-01 10:37:34.344636

Parameters:
         method: hedac
          x_min:      0.000
          x_max:    226.000
             dx:      1.000
          y_min:      0.000
          y_max:    315.000
             dy:      1.000

          alpha:      1.000
           beta:      0.500
          gamma:      0.100
          kappa:      0.000
             nu:      0.001
        sigma_m:      1.000
        sigma_c:      2.000
       sigma_ac:      0.100
         source:          difsource

         agents:         40
                  146.000,     36.000
                   48.000,    222.000
                   76.000,    232.000
                  158.000,    201.000
                   75.000,    237.000
                  151.000,    144.000
                   58.000,    239.000
                  151.000,    186.000
                  141.000,    130.000
                  148.000,     32.000
                   40.000,    200.000
                   71.000,    130.000
                   54.000,    208.000
                  115.000,    258.000
                  141.000,     86.000
                  150.000,    211.000
                  104.000,    116.000
                  168.000,    204.000
                  195.000,     99.000
                   27.000,    224.000
                   58.000,    210.000
                  207.000,    127.000
                   97.000,    198.000
                  114.000,    112.000
                   53.000,    248.000
                  130.000,    193.000
                  145.000,    108.000
                  147.000,     44.000
                  140.000,    129.000
                  131.000,    106.000
                  160.000,     76.000
                  103.000,    226.000
                  116.000,    216.000
                  184.000,    125.000
                  165.000,    136.000
                   90.000,    128.000
                   48.000,    228.000
                   98.000,    280.000
                   85.000,    187.000
                   98.000,    228.000
