**************************************************
*            H E D A C   s e a r c h             *
**************************************************
Started on: 2024-11-19 13:57:27.979639

Parameters:
         method: hedac
          x_min:      0.000
          x_max:    193.000
             dx:      1.000
          y_min:      0.000
          y_max:    226.000
             dy:      1.000

          alpha:      1.000
           beta:      0.500
          gamma:      0.100
          kappa:      0.000
             nu:      0.001
        sigma_m:      1.000
        sigma_c:      2.000
       sigma_ac:      0.100
         source:          difsource

         agents:         40
                  110.000,     66.000
                  117.000,    158.000
                   65.000,    212.000
                  131.000,     32.000
                  179.000,    196.000
                  169.000,    116.000
                   60.000,    172.000
                   35.000,    198.000
                  164.000,    121.000
                  139.000,    191.000
                  162.000,    120.000
                   52.000,    177.000
                  133.000,     76.000
                   99.000,    125.000
                  157.000,    170.000
                  153.000,     49.000
                   62.000,    215.000
                  150.000,    127.000
                  114.000,    163.000
                   85.000,    176.000
                   44.000,    191.000
                  186.000,     68.000
                  131.000,     93.000
                   61.000,    194.000
                  123.000,    170.000
                  156.000,    182.000
                   60.000,    163.000
                   98.000,     59.000
                  134.000,     75.000
                   76.000,    173.000
                  168.000,    193.000
                  156.000,    123.000
                  179.000,    195.000
                   88.000,    136.000
                  161.000,    124.000
                  169.000,     54.000
                  113.000,    182.000
                  110.000,    125.000
                   81.000,    193.000
                  135.000,     16.000
