**************************************************
*            H E D A C   s e a r c h             *
**************************************************
Started on: 2024-11-19 14:47:51.623629

Parameters:
         method: hedac
          x_min:      0.000
          x_max:    149.000
             dx:      1.000
          y_min:      0.000
          y_max:    307.000
             dy:      1.000

          alpha:      1.000
           beta:      0.500
          gamma:      0.100
          kappa:      0.000
             nu:      0.001
        sigma_m:      1.000
        sigma_c:      2.000
       sigma_ac:      0.100
         source:          difsource

         agents:         40
                   97.000,     32.000
                   48.000,    217.000
                   97.000,    280.000
                   45.000,    161.000
                   82.000,    141.000
                   82.000,    170.000
                   99.000,    280.000
                   89.000,     26.000
                   46.000,    160.000
                   45.000,    164.000
                   65.000,     32.000
                   85.000,     22.000
                   95.000,    120.000
                   51.000,    187.000
                   82.000,    147.000
                   43.000,    177.000
                   71.000,    154.000
                   55.000,    200.000
                   49.000,    221.000
                   75.000,    305.000
                   75.000,    295.000
                  114.000,    225.000
                   49.000,    185.000
                   95.000,    285.000
                   65.000,    170.000
                   49.000,    112.000
                   81.000,    159.000
                   56.000,     47.000
                   46.000,    118.000
                   62.000,    253.000
                   50.000,    147.000
                   62.000,    198.000
                   83.000,    120.000
                   81.000,    298.000
                   54.000,    235.000
                  104.000,    274.000
                   52.000,    116.000
                   92.000,    273.000
                  106.000,     76.000
                   34.000,    135.000
