**************************************************
*            H E D A C   s e a r c h             *
**************************************************
Started on: 2024-11-05 16:05:12.486375

Parameters:
         method: hedac
          x_min:      0.000
          x_max:    226.000
             dx:      1.000
          y_min:      0.000
          y_max:    315.000
             dy:      1.000

          alpha:      1.000
           beta:      0.500
          gamma:      0.100
          kappa:      0.000
             nu:      0.001
        sigma_m:      1.000
        sigma_c:      2.000
       sigma_ac:      0.100
         source:          difsource

         agents:         40
                   29.000,    221.000
                  162.000,    135.000
                   81.000,    130.000
                  171.000,     87.000
                  182.000,    118.000
                  167.000,    115.000
                  110.000,    199.000
                  145.000,    165.000
                  108.000,    226.000
                   36.000,    213.000
                  170.000,    213.000
                  160.000,    210.000
                  164.000,    137.000
                  140.000,    131.000
                  171.000,    118.000
                   81.000,    137.000
                  180.000,     98.000
                   81.000,    236.000
                  112.000,    196.000
                  172.000,     95.000
                  160.000,     21.000
                   50.000,    228.000
                  172.000,    142.000
                   80.000,    239.000
                   44.000,    201.000
                   55.000,    251.000
                  217.000,    133.000
                   29.000,    212.000
                  168.000,     99.000
                  138.000,    243.000
                   59.000,    208.000
                   92.000,    126.000
                  170.000,     77.000
                   36.000,    220.000
                   34.000,    217.000
                  132.000,    173.000
                   98.000,    287.000
                  110.000,    211.000
                  167.000,    116.000
                  120.000,    209.000
