**************************************************
*            H E D A C   s e a r c h             *
**************************************************
Started on: 2024-11-19 13:48:55.195761

Parameters:
         method: hedac
          x_min:      0.000
          x_max:    193.000
             dx:      1.000
          y_min:      0.000
          y_max:    226.000
             dy:      1.000

          alpha:      1.000
           beta:      0.500
          gamma:      0.100
          kappa:      0.000
             nu:      0.001
        sigma_m:      1.000
        sigma_c:      2.000
       sigma_ac:      0.100
         source:          difsource

         agents:         40
                   53.000,    169.000
                  102.000,    126.000
                   58.000,    159.000
                  148.000,    117.000
                  141.000,    197.000
                  115.000,    193.000
                   81.000,    172.000
                  116.000,    162.000
                  125.000,     11.000
                  129.000,    174.000
                   43.000,    188.000
                   55.000,    132.000
                  140.000,     67.000
                  165.000,    192.000
                  128.000,    132.000
                   89.000,    118.000
                  135.000,     24.000
                   97.000,     59.000
                   94.000,    118.000
                  119.000,    175.000
                  161.000,    102.000
                  138.000,     24.000
                  131.000,     94.000
                   94.000,    175.000
                   26.000,    197.000
                  117.000,    129.000
                  123.000,    169.000
                  152.000,    147.000
                   26.000,    196.000
                  129.000,     82.000
                   85.000,     85.000
                   93.000,     75.000
                   92.000,    128.000
                  143.000,     60.000
                   90.000,    128.000
                  118.000,     95.000
                   73.000,    133.000
                  136.000,    140.000
                   88.000,     56.000
                   78.000,    140.000
