**************************************************
*            H E D A C   s e a r c h             *
**************************************************
Started on: 2024-11-19 14:42:22.743449

Parameters:
         method: hedac
          x_min:      0.000
          x_max:    149.000
             dx:      1.000
          y_min:      0.000
          y_max:    307.000
             dy:      1.000

          alpha:      1.000
           beta:      0.500
          gamma:      0.100
          kappa:      0.000
             nu:      0.001
        sigma_m:      1.000
        sigma_c:      2.000
       sigma_ac:      0.100
         source:          difsource

         agents:         40
                   40.000,    190.000
                   86.000,    184.000
                   90.000,    182.000
                   50.000,    244.000
                   52.000,    118.000
                   70.000,    186.000
                   48.000,    132.000
                   80.000,    168.000
                   62.000,     40.000
                   65.000,    176.000
                   90.000,    274.000
                   83.000,    289.000
                   97.000,     34.000
                   96.000,    280.000
                   45.000,    128.000
                   93.000,     97.000
                   70.000,    159.000
                   61.000,    144.000
                   57.000,    101.000
                   81.000,    191.000
                   82.000,    300.000
                   87.000,    175.000
                   87.000,    117.000
                   56.000,    187.000
                  109.000,    284.000
                  110.000,    277.000
                   62.000,    241.000
                   85.000,    156.000
                   83.000,    128.000
                   59.000,    169.000
                   92.000,    110.000
                   79.000,    267.000
                  107.000,    273.000
                   77.000,    300.000
                  113.000,    277.000
                  108.000,    276.000
                   40.000,    152.000
                   52.000,    187.000
                   85.000,    112.000
                   77.000,    247.000
