           t           E1           E2           E3           E4
0.000000e+00 2.245401e-02 5.041828e-04 8.512447e+02 6.717988e+01
1.000000e+00 2.184545e-02 4.772238e-04 8.405066e+02 6.561199e+01
2.000000e+00 2.102945e-02 4.422378e-04 8.296483e+02 6.084693e+01
3.000000e+00 2.005122e-02 4.020515e-04 8.185923e+02 5.600423e+01
4.000000e+00 1.896898e-02 3.598221e-04 8.082339e+02 5.273053e+01
5.000000e+00 1.784310e-02 3.183762e-04 7.994299e+02 4.734463e+01
6.000000e+00 1.672835e-02 2.798378e-04 7.921982e+02 4.323775e+01
7.000000e+00 1.567250e-02 2.456274e-04 7.863300e+02 3.871744e+01
8.000000e+00 1.470616e-02 2.162712e-04 7.816263e+02 3.472347e+01
9.000000e+00 1.384530e-02 1.916923e-04 7.779034e+02 3.138302e+01
1.000000e+01 1.308863e-02 1.713122e-04 7.750846e+02 2.871302e+01
1.100000e+01 1.243351e-02 1.545922e-04 7.731529e+02 2.648095e+01
1.200000e+01 1.187863e-02 1.411017e-04 7.720537e+02 2.457051e+01
1.300000e+01 1.140123e-02 1.299882e-04 7.716676e+02 2.302372e+01
1.400000e+01 1.098239e-02 1.206130e-04 7.717788e+02 2.215622e+01
1.500000e+01 1.061896e-02 1.127624e-04 7.722537e+02 2.206876e+01
1.600000e+01 1.031130e-02 1.063228e-04 7.728093e+02 2.111224e+01
1.700000e+01 1.004606e-02 1.009234e-04 7.727078e+02 2.033285e+01
1.800000e+01 9.806622e-03 9.616984e-05 7.717608e+02 2.031371e+01
1.900000e+01 9.581615e-03 9.180734e-05 7.702835e+02 1.973008e+01
2.000000e+01 9.368466e-03 8.776816e-05 7.685473e+02 1.890977e+01
2.100000e+01 9.167379e-03 8.404083e-05 7.666771e+02 1.890812e+01
2.200000e+01 8.982607e-03 8.068722e-05 7.647710e+02 1.924960e+01
2.300000e+01 8.818416e-03 7.776446e-05 7.629601e+02 1.918721e+01
2.400000e+01 8.671138e-03 7.518863e-05 7.610940e+02 1.864437e+01
2.500000e+01 8.531393e-03 7.278466e-05 7.589469e+02 1.787425e+01
2.600000e+01 8.391430e-03 7.041610e-05 7.565214e+02 1.713609e+01
2.700000e+01 8.250553e-03 6.807162e-05 7.538843e+02 1.634780e+01
2.800000e+01 8.110876e-03 6.578631e-05 7.511563e+02 1.558112e+01
2.900000e+01 7.979650e-03 6.367481e-05 7.483423e+02 1.485815e+01
3.000000e+01 7.860431e-03 6.178637e-05 7.455034e+02 1.418125e+01
3.100000e+01 7.758159e-03 6.018904e-05 7.426875e+02 1.354741e+01
3.200000e+01 7.677101e-03 5.893788e-05 7.399239e+02 1.326199e+01
3.300000e+01 7.612625e-03 5.795206e-05 7.371218e+02 1.282479e+01
3.400000e+01 7.557020e-03 5.710856e-05 7.342656e+02 1.242138e+01
3.500000e+01 7.503950e-03 5.630926e-05 7.314599e+02 1.193113e+01
3.600000e+01 7.447723e-03 5.546858e-05 7.287321e+02 1.148293e+01
3.700000e+01 7.385483e-03 5.454536e-05 7.259930e+02 1.110428e+01
3.800000e+01 7.316518e-03 5.353143e-05 7.231766e+02 1.075276e+01
3.900000e+01 7.241830e-03 5.244410e-05 7.202745e+02 1.039246e+01
4.000000e+01 7.162302e-03 5.129856e-05 7.173009e+02 1.017225e+01
4.100000e+01 7.079166e-03 5.011459e-05 7.142691e+02 9.982133e+00
4.200000e+01 6.994427e-03 4.892201e-05 7.111667e+02 1.014233e+01
4.300000e+01 6.909447e-03 4.774046e-05 7.079600e+02 1.007958e+01
4.400000e+01 6.825278e-03 4.658442e-05 7.046153e+02 9.973432e+00
4.500000e+01 6.743366e-03 4.547299e-05 7.010996e+02 9.802234e+00
4.600000e+01 6.664239e-03 4.441209e-05 6.974865e+02 9.587756e+00
4.700000e+01 6.586907e-03 4.338734e-05 6.938436e+02 9.366606e+00
4.800000e+01 6.509555e-03 4.237430e-05 6.901573e+02 9.150823e+00
4.900000e+01 6.431393e-03 4.136282e-05 6.864001e+02 8.943090e+00
5.000000e+01 6.352437e-03 4.035346e-05 6.825249e+02 8.774303e+00
5.100000e+01 6.273872e-03 3.936146e-05 6.784795e+02 8.774303e+00
5.200000e+01 6.195841e-03 3.838845e-05 6.742351e+02 8.774303e+00
5.300000e+01 6.118297e-03 3.743355e-05 6.697996e+02 9.307125e+00
5.400000e+01 6.042045e-03 3.650631e-05 6.652190e+02 1.000978e+01
5.500000e+01 5.968609e-03 3.562430e-05 6.605154e+02 1.067786e+01
5.600000e+01 5.900777e-03 3.481917e-05 6.556906e+02 1.090757e+01
5.700000e+01 5.839712e-03 3.410224e-05 6.507571e+02 1.112198e+01
5.800000e+01 5.785662e-03 3.347388e-05 6.457528e+02 1.114113e+01
5.900000e+01 5.737098e-03 3.291429e-05 6.407383e+02 1.104793e+01
6.000000e+01 5.692207e-03 3.240122e-05 6.357817e+02 1.092987e+01
6.100000e+01 5.649993e-03 3.192242e-05 6.309639e+02 1.070034e+01
6.200000e+01 5.608405e-03 3.145421e-05 6.263572e+02 1.043832e+01
6.300000e+01 5.565227e-03 3.097175e-05 6.219751e+02 1.019264e+01
6.400000e+01 5.519621e-03 3.046622e-05 6.178637e+02 9.937363e+00
6.500000e+01 5.471847e-03 2.994111e-05 6.140682e+02 9.685881e+00
6.600000e+01 5.422745e-03 2.940616e-05 6.106145e+02 9.441231e+00
6.700000e+01 5.374161e-03 2.888161e-05 6.075598e+02 9.203736e+00
6.800000e+01 5.327839e-03 2.838587e-05 6.049111e+02 8.973184e+00
6.900000e+01 5.283902e-03 2.791962e-05 6.025665e+02 8.774303e+00
7.000000e+01 5.242072e-03 2.747932e-05 6.004502e+02 8.774303e+00
7.100000e+01 5.202241e-03 2.706331e-05 5.985161e+02 8.774303e+00
7.200000e+01 5.164451e-03 2.667155e-05 5.967318e+02 8.774303e+00
7.300000e+01 5.128975e-03 2.630638e-05 5.951183e+02 8.774303e+00
7.400000e+01 5.096803e-03 2.597740e-05 5.936608e+02 8.774303e+00
7.500000e+01 5.068721e-03 2.569193e-05 5.922843e+02 8.774303e+00
7.600000e+01 5.044845e-03 2.545046e-05 5.909625e+02 8.774303e+00
7.700000e+01 5.025620e-03 2.525686e-05 5.896471e+02 8.774303e+00
7.800000e+01 5.010039e-03 2.510050e-05 5.882679e+02 8.774303e+00
7.900000e+01 4.997051e-03 2.497052e-05 5.867928e+02 8.774303e+00
8.000000e+01 4.985189e-03 2.485211e-05 5.852348e+02 8.774303e+00
8.100000e+01 4.974794e-03 2.474858e-05 5.836324e+02 8.774303e+00
8.200000e+01 4.966163e-03 2.466277e-05 5.819692e+02 8.774303e+00
8.300000e+01 4.958162e-03 2.458337e-05 5.802373e+02 8.774303e+00
8.400000e+01 4.950297e-03 2.450544e-05 5.785303e+02 8.774303e+00
8.500000e+01 4.941970e-03 2.442307e-05 5.769250e+02 8.774303e+00
8.600000e+01 4.933235e-03 2.433681e-05 5.754136e+02 8.774303e+00
8.700000e+01 4.923870e-03 2.424449e-05 5.739977e+02 8.774303e+00
8.800000e+01 4.913618e-03 2.414364e-05 5.726434e+02 8.774303e+00
8.900000e+01 4.901980e-03 2.402940e-05 5.713308e+02 8.774303e+00
9.000000e+01 4.889486e-03 2.390707e-05 5.699929e+02 8.774303e+00
9.100000e+01 4.875980e-03 2.377518e-05 5.685746e+02 8.774303e+00
9.200000e+01 4.861026e-03 2.362958e-05 5.670262e+02 8.774303e+00
9.300000e+01 4.844346e-03 2.346768e-05 5.653507e+02 8.774303e+00
9.400000e+01 4.825210e-03 2.328265e-05 5.635128e+02 8.774303e+00
9.500000e+01 4.803904e-03 2.307749e-05 5.615160e+02 8.774303e+00
9.600000e+01 4.781757e-03 2.286520e-05 5.593404e+02 8.774303e+00
9.700000e+01 4.758616e-03 2.264442e-05 5.570109e+02 8.774303e+00
9.800000e+01 4.733449e-03 2.240554e-05 5.545563e+02 8.774303e+00
9.900000e+01 4.706507e-03 2.215121e-05 5.520019e+02 8.774303e+00
1.000000e+02 4.678666e-03 2.188992e-05 5.493743e+02 8.774303e+00
1.010000e+02 4.650983e-03 2.163165e-05 5.466938e+02 8.774303e+00
1.020000e+02 4.624245e-03 2.138364e-05 5.439638e+02 8.774302e+00
1.030000e+02 4.598996e-03 2.115076e-05 5.412175e+02 8.774291e+00
1.040000e+02 4.575564e-03 2.093579e-05 5.384955e+02 8.774198e+00
1.050000e+02 4.554149e-03 2.074028e-05 5.357742e+02 8.773578e+00
1.060000e+02 4.534100e-03 2.055806e-05 5.330135e+02 8.770338e+00
1.070000e+02 4.514846e-03 2.038383e-05 5.301745e+02 8.757106e+00
1.080000e+02 4.495706e-03 2.021137e-05 5.272314e+02 8.714824e+00
1.090000e+02 4.475945e-03 2.003408e-05 5.241680e+02 8.609155e+00
1.100000e+02 4.455373e-03 1.985034e-05 5.209472e+02 8.402655e+00
1.110000e+02 4.433475e-03 1.965570e-05 5.175313e+02 8.087148e+00
1.120000e+02 4.409524e-03 1.944390e-05 5.138823e+02 7.710553e+00
1.130000e+02 4.382623e-03 1.920739e-05 5.099857e+02 7.349806e+00
1.140000e+02 4.351812e-03 1.893827e-05 5.058328e+02 7.214171e+00
1.150000e+02 4.316758e-03 1.863440e-05 5.014198e+02 7.214171e+00
1.160000e+02 4.277591e-03 1.829779e-05 4.967606e+02 7.214171e+00
1.170000e+02 4.235025e-03 1.793544e-05 4.918790e+02 7.214171e+00
1.180000e+02 4.190079e-03 1.755676e-05 4.867950e+02 7.214171e+00
1.190000e+02 4.144132e-03 1.717383e-05 4.815175e+02 7.214171e+00
1.200000e+02 4.098483e-03 1.679757e-05 4.760626e+02 7.214171e+00
1.210000e+02 4.054511e-03 1.643906e-05 4.704473e+02 7.214171e+00
1.220000e+02 4.013279e-03 1.610641e-05 4.647024e+02 7.214171e+00
1.230000e+02 3.975189e-03 1.580213e-05 4.588513e+02 7.214171e+00
1.240000e+02 3.940146e-03 1.552475e-05 4.529067e+02 7.214171e+00
1.250000e+02 3.907661e-03 1.526982e-05 4.468736e+02 7.214171e+00
1.260000e+02 3.877387e-03 1.503413e-05 4.407211e+02 7.214171e+00
1.270000e+02 3.848328e-03 1.480963e-05 4.344404e+02 7.214171e+00
1.280000e+02 3.819735e-03 1.459038e-05 4.280283e+02 7.214171e+00
1.290000e+02 3.791298e-03 1.437394e-05 4.215135e+02 7.214171e+00
1.300000e+02 3.762706e-03 1.415795e-05 4.149183e+02 7.214171e+00
1.310000e+02 3.734050e-03 1.394313e-05 4.082469e+02 7.214171e+00
1.320000e+02 3.705731e-03 1.373244e-05 4.015165e+02 7.214171e+00
1.330000e+02 3.677896e-03 1.352692e-05 3.947046e+02 7.214171e+00
1.340000e+02 3.650929e-03 1.332928e-05 3.878311e+02 7.214171e+00
1.350000e+02 3.624520e-03 1.313715e-05 3.809339e+02 7.214171e+00
1.360000e+02 3.598266e-03 1.294752e-05 3.740384e+02 7.214171e+00
1.370000e+02 3.571620e-03 1.275647e-05 3.671848e+02 7.214171e+00
1.380000e+02 3.544099e-03 1.256064e-05 3.603826e+02 7.214171e+00
1.390000e+02 3.515366e-03 1.235780e-05 3.536552e+02 7.214171e+00
1.400000e+02 3.485038e-03 1.214549e-05 3.470173e+02 7.214171e+00
1.410000e+02 3.453241e-03 1.192487e-05 3.405128e+02 7.214171e+00
1.420000e+02 3.420343e-03 1.169874e-05 3.341467e+02 7.214169e+00
1.430000e+02 3.386693e-03 1.146969e-05 3.279150e+02 7.214158e+00
1.440000e+02 3.352757e-03 1.124098e-05 3.218089e+02 7.214123e+00
1.450000e+02 3.318757e-03 1.101415e-05 3.157914e+02 7.213865e+00
1.460000e+02 3.284821e-03 1.079005e-05 3.098278e+02 7.212419e+00
1.470000e+02 3.251074e-03 1.056948e-05 3.039017e+02 7.206053e+00
1.480000e+02 3.217514e-03 1.035240e-05 2.980113e+02 7.185823e+00
1.490000e+02 3.184103e-03 1.013851e-05 2.921573e+02 7.156017e+00
1.500000e+02 3.151007e-03 9.928846e-06 2.863591e+02 7.100168e+00
1.510000e+02 3.118962e-03 9.727923e-06 2.806120e+02 7.021047e+00
1.520000e+02 3.088765e-03 9.540468e-06 2.749128e+02 6.907192e+00
1.530000e+02 3.060860e-03 9.368863e-06 2.692929e+02 6.757519e+00
1.540000e+02 3.035217e-03 9.212540e-06 2.637683e+02 6.582560e+00
1.550000e+02 3.011626e-03 9.069893e-06 2.583637e+02 6.363375e+00
1.560000e+02 2.989328e-03 8.936080e-06 2.531057e+02 6.161484e+00
1.570000e+02 2.967660e-03 8.807004e-06 2.479975e+02 6.036244e+00
1.580000e+02 2.946432e-03 8.681460e-06 2.430357e+02 5.915215e+00
1.590000e+02 2.925257e-03 8.557129e-06 2.382130e+02 5.811543e+00
1.600000e+02 2.903959e-03 8.432980e-06 2.335345e+02 5.748155e+00
1.610000e+02 2.882346e-03 8.307920e-06 2.290203e+02 5.706421e+00
1.620000e+02 2.860274e-03 8.181169e-06 2.246666e+02 5.675488e+00
1.630000e+02 2.838533e-03 8.057270e-06 2.204660e+02 5.645191e+00
1.640000e+02 2.817524e-03 7.938440e-06 2.164036e+02 5.611457e+00
1.650000e+02 2.797406e-03 7.825479e-06 2.124751e+02 5.570523e+00
1.660000e+02 2.777857e-03 7.716489e-06 2.086646e+02 5.506559e+00
1.670000e+02 2.758149e-03 7.607386e-06 2.049483e+02 5.393232e+00
1.680000e+02 2.737382e-03 7.493263e-06 2.013288e+02 5.210869e+00
1.690000e+02 2.715258e-03 7.372624e-06 1.978011e+02 5.008913e+00
1.700000e+02 2.692223e-03 7.248066e-06 1.943510e+02 4.772648e+00
1.710000e+02 2.668879e-03 7.122913e-06 1.909768e+02 4.572424e+00
1.720000e+02 2.645759e-03 7.000043e-06 1.876779e+02 4.403253e+00
1.730000e+02 2.623301e-03 6.881707e-06 1.844614e+02 4.357237e+00
1.740000e+02 2.601229e-03 6.766392e-06 1.813330e+02 4.305416e+00
1.750000e+02 2.579459e-03 6.653608e-06 1.782911e+02 4.252487e+00
1.760000e+02 2.557951e-03 6.543113e-06 1.753434e+02 4.199800e+00
1.770000e+02 2.536612e-03 6.434398e-06 1.724875e+02 4.147652e+00
1.780000e+02 2.515668e-03 6.328586e-06 1.697257e+02 4.096083e+00
1.790000e+02 2.495329e-03 6.226665e-06 1.670740e+02 4.045095e+00
1.800000e+02 2.475742e-03 6.129301e-06 1.645345e+02 3.994678e+00
1.810000e+02 2.457300e-03 6.038323e-06 1.621247e+02 3.944836e+00
1.820000e+02 2.440374e-03 5.955427e-06 1.598664e+02 3.895578e+00
1.830000e+02 2.425462e-03 5.882865e-06 1.577604e+02 3.846921e+00
1.840000e+02 2.412807e-03 5.821637e-06 1.558088e+02 3.798849e+00
1.850000e+02 2.402419e-03 5.771616e-06 1.540143e+02 3.752814e+00
1.860000e+02 2.394270e-03 5.732528e-06 1.523543e+02 3.709360e+00
1.870000e+02 2.388379e-03 5.704353e-06 1.507802e+02 3.672435e+00
1.880000e+02 2.384087e-03 5.683870e-06 1.492435e+02 3.652904e+00
1.890000e+02 2.380589e-03 5.667204e-06 1.477405e+02 3.626916e+00
1.900000e+02 2.377655e-03 5.653242e-06 1.463000e+02 3.595762e+00
1.910000e+02 2.375274e-03 5.641929e-06 1.449451e+02 3.562845e+00
1.920000e+02 2.373401e-03 5.633034e-06 1.436926e+02 3.529700e+00
1.930000e+02 2.371548e-03 5.624239e-06 1.425474e+02 3.496787e+00
1.940000e+02 2.369222e-03 5.613211e-06 1.415048e+02 3.464198e+00
1.950000e+02 2.366254e-03 5.599160e-06 1.405586e+02 3.431941e+00
1.960000e+02 2.362941e-03 5.583492e-06 1.397013e+02 3.400013e+00
1.970000e+02 2.359711e-03 5.568235e-06 1.389308e+02 3.368409e+00
1.980000e+02 2.356769e-03 5.554361e-06 1.382450e+02 3.337124e+00
1.990000e+02 2.354024e-03 5.541430e-06 1.376432e+02 3.306153e+00
