**************************************************
*            H E D A C   s e a r c h             *
**************************************************
Started on: 2024-11-19 13:51:22.663510

Parameters:
         method: hedac
          x_min:      0.000
          x_max:    193.000
             dx:      1.000
          y_min:      0.000
          y_max:    226.000
             dy:      1.000

          alpha:      1.000
           beta:      0.500
          gamma:      0.100
          kappa:      0.000
             nu:      0.001
        sigma_m:      1.000
        sigma_c:      2.000
       sigma_ac:      0.100
         source:          difsource

         agents:         40
                  136.000,     75.000
                  168.000,    115.000
                   45.000,    215.000
                  143.000,    132.000
                   55.000,    173.000
                   45.000,    212.000
                   71.000,    134.000
                   51.000,    143.000
                   73.000,    115.000
                  148.000,    144.000
                  134.000,    172.000
                  138.000,     73.000
                  133.000,     19.000
                   82.000,    142.000
                   83.000,     85.000
                   49.000,    216.000
                   65.000,    178.000
                  117.000,    129.000
                   71.000,    191.000
                   91.000,    180.000
                  158.000,    117.000
                  144.000,     65.000
                   70.000,    132.000
                   81.000,    140.000
                  144.000,    127.000
                  116.000,    177.000
                  181.000,     63.000
                   43.000,    209.000
                  171.000,    103.000
                  175.000,    102.000
                  163.000,    193.000
                   39.000,    199.000
                   24.000,    193.000
                   96.000,    152.000
                   56.000,    130.000
                  122.000,    172.000
                  149.000,    107.000
                  157.000,    134.000
                  124.000,     87.000
                  125.000,    131.000
