           t           E1           E2           E3           E4
0.000000e+00 2.273513e-02 5.168860e-04 5.263548e+03 4.089842e+02
1.000000e+00 2.229245e-02 4.969534e-04 5.247759e+03 3.758724e+02
2.000000e+00 2.171008e-02 4.713275e-04 5.228978e+03 3.609078e+02
3.000000e+00 2.103075e-02 4.422926e-04 5.208083e+03 3.360637e+02
4.000000e+00 2.026426e-02 4.106402e-04 5.185819e+03 3.094381e+02
5.000000e+00 1.944876e-02 3.782544e-04 5.163765e+03 2.810336e+02
6.000000e+00 1.862393e-02 3.468506e-04 5.143009e+03 2.476959e+02
7.000000e+00 1.781689e-02 3.174417e-04 5.123824e+03 2.230020e+02
8.000000e+00 1.704331e-02 2.904744e-04 5.106325e+03 1.983904e+02
9.000000e+00 1.631452e-02 2.661636e-04 5.090314e+03 1.767842e+02
1.000000e+01 1.563687e-02 2.445117e-04 5.075722e+03 1.587164e+02
1.100000e+01 1.501386e-02 2.254161e-04 5.062245e+03 1.436988e+02
1.200000e+01 1.444389e-02 2.086259e-04 5.049811e+03 1.311005e+02
1.300000e+01 1.392122e-02 1.938004e-04 5.038440e+03 1.203986e+02
1.400000e+01 1.344052e-02 1.806477e-04 5.028298e+03 1.111981e+02
1.500000e+01 1.300177e-02 1.690459e-04 5.018929e+03 1.032041e+02
1.600000e+01 1.260198e-02 1.588099e-04 5.010077e+03 9.619397e+01
1.700000e+01 1.223708e-02 1.497462e-04 5.001775e+03 8.999662e+01
1.800000e+01 1.190393e-02 1.417036e-04 4.993870e+03 8.534902e+01
1.900000e+01 1.159857e-02 1.345269e-04 4.986189e+03 8.812515e+01
2.000000e+01 1.131922e-02 1.281247e-04 4.978652e+03 8.765903e+01
2.100000e+01 1.106365e-02 1.224045e-04 4.970994e+03 8.645999e+01
2.200000e+01 1.082534e-02 1.171879e-04 4.962880e+03 8.416246e+01
2.300000e+01 1.059881e-02 1.123348e-04 4.954246e+03 8.107813e+01
2.400000e+01 1.038357e-02 1.078186e-04 4.945104e+03 7.792312e+01
2.500000e+01 1.018359e-02 1.037056e-04 4.935290e+03 7.454015e+01
2.600000e+01 1.000040e-02 1.000080e-04 4.924767e+03 7.126187e+01
2.700000e+01 9.830536e-03 9.663943e-05 4.913551e+03 6.818592e+01
2.800000e+01 9.669704e-03 9.350318e-05 4.901581e+03 6.532009e+01
2.900000e+01 9.514524e-03 9.052617e-05 4.888885e+03 6.264893e+01
3.000000e+01 9.362418e-03 8.765487e-05 4.875588e+03 6.076237e+01
3.100000e+01 9.212432e-03 8.486890e-05 4.861862e+03 5.986764e+01
3.200000e+01 9.064763e-03 8.216993e-05 4.847881e+03 6.033554e+01
3.300000e+01 8.919627e-03 7.955975e-05 4.833673e+03 5.944176e+01
3.400000e+01 8.776528e-03 7.702745e-05 4.819131e+03 5.784660e+01
3.500000e+01 8.634807e-03 7.455989e-05 4.804301e+03 5.602814e+01
3.600000e+01 8.493729e-03 7.214343e-05 4.789275e+03 5.420561e+01
3.700000e+01 8.353256e-03 6.977688e-05 4.774127e+03 5.245348e+01
3.800000e+01 8.213966e-03 6.746924e-05 4.758949e+03 5.078736e+01
3.900000e+01 8.076516e-03 6.523011e-05 4.743794e+03 4.920521e+01
4.000000e+01 7.941664e-03 6.307003e-05 4.728785e+03 4.770154e+01
4.100000e+01 7.809816e-03 6.099322e-05 4.714039e+03 4.627077e+01
4.200000e+01 7.681018e-03 5.899804e-05 4.699639e+03 4.490772e+01
4.300000e+01 7.555405e-03 5.708415e-05 4.685587e+03 4.360770e+01
4.400000e+01 7.433661e-03 5.525932e-05 4.671788e+03 4.236644e+01
4.500000e+01 7.315987e-03 5.352366e-05 4.658250e+03 4.118004e+01
4.600000e+01 7.202492e-03 5.187589e-05 4.644976e+03 4.004494e+01
4.700000e+01 7.095647e-03 5.034821e-05 4.631948e+03 3.895789e+01
4.800000e+01 6.997912e-03 4.897077e-05 4.618971e+03 3.791589e+01
4.900000e+01 6.908717e-03 4.773037e-05 4.606336e+03 3.691622e+01
5.000000e+01 6.824972e-03 4.658024e-05 4.594241e+03 3.595633e+01
5.100000e+01 6.744321e-03 4.548586e-05 4.582635e+03 3.503391e+01
5.200000e+01 6.666460e-03 4.444169e-05 4.571473e+03 3.414680e+01
5.300000e+01 6.591823e-03 4.345214e-05 4.560628e+03 3.329302e+01
5.400000e+01 6.520354e-03 4.251502e-05 4.550091e+03 3.331312e+01
5.500000e+01 6.451294e-03 4.161920e-05 4.539714e+03 3.393323e+01
5.600000e+01 6.383110e-03 4.074409e-05 4.529208e+03 3.397862e+01
5.700000e+01 6.314395e-03 3.987158e-05 4.518400e+03 3.351504e+01
5.800000e+01 6.245419e-03 3.900525e-05 4.507280e+03 3.285651e+01
5.900000e+01 6.176997e-03 3.815529e-05 4.495873e+03 3.215384e+01
6.000000e+01 6.109699e-03 3.732842e-05 4.484193e+03 3.145856e+01
6.100000e+01 6.044085e-03 3.653096e-05 4.472245e+03 3.078302e+01
6.200000e+01 5.981369e-03 3.577677e-05 4.460049e+03 3.012876e+01
6.300000e+01 5.922706e-03 3.507845e-05 4.447628e+03 2.949514e+01
6.400000e+01 5.867957e-03 3.443292e-05 4.434983e+03 2.888123e+01
6.500000e+01 5.816513e-03 3.383182e-05 4.422143e+03 2.828614e+01
6.600000e+01 5.767498e-03 3.326403e-05 4.409136e+03 2.781090e+01
6.700000e+01 5.720280e-03 3.272160e-05 4.395971e+03 2.960267e+01
6.800000e+01 5.674436e-03 3.219923e-05 4.382707e+03 3.146723e+01
6.900000e+01 5.629514e-03 3.169143e-05 4.369370e+03 3.249228e+01
7.000000e+01 5.585058e-03 3.119288e-05 4.355982e+03 3.352321e+01
7.100000e+01 5.540927e-03 3.070187e-05 4.342563e+03 3.379885e+01
7.200000e+01 5.497167e-03 3.021884e-05 4.329292e+03 3.357925e+01
7.300000e+01 5.454085e-03 2.974705e-05 4.316406e+03 3.312812e+01
7.400000e+01 5.411589e-03 2.928530e-05 4.303858e+03 3.259600e+01
7.500000e+01 5.369821e-03 2.883497e-05 4.291538e+03 3.204302e+01
7.600000e+01 5.329309e-03 2.840154e-05 4.279306e+03 3.149230e+01
7.700000e+01 5.290164e-03 2.798583e-05 4.266978e+03 3.095213e+01
7.800000e+01 5.252085e-03 2.758439e-05 4.254452e+03 3.042474e+01
7.900000e+01 5.214654e-03 2.719261e-05 4.241699e+03 2.991044e+01
8.000000e+01 5.177975e-03 2.681143e-05 4.228889e+03 2.940892e+01
8.100000e+01 5.141581e-03 2.643586e-05 4.215927e+03 2.891973e+01
8.200000e+01 5.105304e-03 2.606413e-05 4.202860e+03 2.844247e+01
8.300000e+01 5.068885e-03 2.569359e-05 4.189685e+03 2.797667e+01
8.400000e+01 5.033164e-03 2.533274e-05 4.176528e+03 2.752198e+01
8.500000e+01 4.998733e-03 2.498733e-05 4.163424e+03 2.707836e+01
8.600000e+01 4.966016e-03 2.466132e-05 4.150313e+03 2.664744e+01
8.700000e+01 4.934877e-03 2.435301e-05 4.137248e+03 2.623353e+01
8.800000e+01 4.904730e-03 2.405638e-05 4.124293e+03 2.585487e+01
8.900000e+01 4.874948e-03 2.376512e-05 4.111440e+03 2.547333e+01
9.000000e+01 4.845105e-03 2.347504e-05 4.098546e+03 2.510386e+01
9.100000e+01 4.815482e-03 2.318886e-05 4.085473e+03 2.512273e+01
9.200000e+01 4.786359e-03 2.290923e-05 4.072413e+03 2.502795e+01
9.300000e+01 4.757798e-03 2.263664e-05 4.059543e+03 2.494891e+01
9.400000e+01 4.729608e-03 2.236919e-05 4.046949e+03 2.579629e+01
9.500000e+01 4.701625e-03 2.210527e-05 4.034719e+03 2.747678e+01
9.600000e+01 4.673910e-03 2.184543e-05 4.022783e+03 2.907899e+01
9.700000e+01 4.646549e-03 2.159042e-05 4.010998e+03 3.062211e+01
9.800000e+01 4.619634e-03 2.134102e-05 3.999165e+03 3.185062e+01
9.900000e+01 4.593213e-03 2.109761e-05 3.987244e+03 3.244001e+01
1.000000e+02 4.567288e-03 2.086012e-05 3.975427e+03 3.250256e+01
1.010000e+02 4.541540e-03 2.062558e-05 3.963823e+03 3.227146e+01
1.020000e+02 4.516388e-03 2.039776e-05 3.952498e+03 3.203479e+01
1.030000e+02 4.491764e-03 2.017595e-05 3.941465e+03 3.180123e+01
1.040000e+02 4.466793e-03 1.995224e-05 3.930698e+03 3.147120e+01
1.050000e+02 4.442019e-03 1.973154e-05 3.920188e+03 3.111049e+01
1.060000e+02 4.417629e-03 1.951545e-05 3.909880e+03 3.073995e+01
1.070000e+02 4.393386e-03 1.930184e-05 3.899771e+03 3.036360e+01
1.080000e+02 4.369151e-03 1.908948e-05 3.889903e+03 2.998992e+01
1.090000e+02 4.344662e-03 1.887609e-05 3.880242e+03 2.962117e+01
1.100000e+02 4.320213e-03 1.866424e-05 3.870804e+03 2.925869e+01
1.110000e+02 4.295962e-03 1.845529e-05 3.861588e+03 2.890254e+01
1.120000e+02 4.271862e-03 1.824881e-05 3.852599e+03 2.855270e+01
1.130000e+02 4.247725e-03 1.804317e-05 3.843884e+03 2.820931e+01
1.140000e+02 4.223574e-03 1.783858e-05 3.835352e+03 2.787208e+01
1.150000e+02 4.199743e-03 1.763784e-05 3.826897e+03 2.754063e+01
1.160000e+02 4.176244e-03 1.744102e-05 3.818538e+03 2.721478e+01
1.170000e+02 4.153335e-03 1.725020e-05 3.810225e+03 2.689432e+01
1.180000e+02 4.131112e-03 1.706608e-05 3.801993e+03 2.657918e+01
1.190000e+02 4.109428e-03 1.688740e-05 3.793891e+03 2.626932e+01
1.200000e+02 4.088517e-03 1.671597e-05 3.785903e+03 2.596466e+01
1.210000e+02 4.069052e-03 1.655719e-05 3.777964e+03 2.566509e+01
1.220000e+02 4.050685e-03 1.640805e-05 3.769959e+03 2.537059e+01
1.230000e+02 4.033453e-03 1.626874e-05 3.761904e+03 2.508116e+01
1.240000e+02 4.017502e-03 1.614032e-05 3.754003e+03 2.571873e+01
1.250000e+02 4.002483e-03 1.601987e-05 3.746346e+03 2.707115e+01
1.260000e+02 3.987781e-03 1.590240e-05 3.738944e+03 2.803236e+01
1.270000e+02 3.973270e-03 1.578687e-05 3.731805e+03 2.896821e+01
1.280000e+02 3.958573e-03 1.567030e-05 3.724847e+03 2.973703e+01
1.290000e+02 3.943026e-03 1.554746e-05 3.718019e+03 3.009773e+01
1.300000e+02 3.926269e-03 1.541559e-05 3.711286e+03 3.014120e+01
1.310000e+02 3.908528e-03 1.527659e-05 3.704602e+03 3.005190e+01
1.320000e+02 3.889720e-03 1.512992e-05 3.697988e+03 2.986324e+01
1.330000e+02 3.870135e-03 1.497795e-05 3.691414e+03 2.962479e+01
1.340000e+02 3.850581e-03 1.482698e-05 3.684841e+03 2.937405e+01
1.350000e+02 3.831878e-03 1.468329e-05 3.678312e+03 2.912337e+01
1.360000e+02 3.814306e-03 1.454893e-05 3.671719e+03 2.887571e+01
1.370000e+02 3.797448e-03 1.442061e-05 3.664993e+03 2.863157e+01
1.380000e+02 3.780522e-03 1.429234e-05 3.658091e+03 2.839093e+01
1.390000e+02 3.763084e-03 1.416080e-05 3.651040e+03 2.815375e+01
1.400000e+02 3.745182e-03 1.402639e-05 3.643879e+03 2.791995e+01
1.410000e+02 3.727192e-03 1.389196e-05 3.636624e+03 2.768947e+01
1.420000e+02 3.709557e-03 1.376081e-05 3.629244e+03 2.746223e+01
1.430000e+02 3.692476e-03 1.363438e-05 3.621790e+03 2.723816e+01
1.440000e+02 3.676024e-03 1.351315e-05 3.614319e+03 2.701721e+01
1.450000e+02 3.660917e-03 1.340231e-05 3.606785e+03 2.679930e+01
1.460000e+02 3.647605e-03 1.330502e-05 3.599151e+03 2.658439e+01
1.470000e+02 3.635985e-03 1.322039e-05 3.591445e+03 2.637244e+01
1.480000e+02 3.625612e-03 1.314506e-05 3.583696e+03 2.616351e+01
1.490000e+02 3.616242e-03 1.307721e-05 3.575748e+03 2.595776e+01
1.500000e+02 3.607612e-03 1.301486e-05 3.567510e+03 2.575543e+01
1.510000e+02 3.599559e-03 1.295683e-05 3.559097e+03 2.555598e+01
1.520000e+02 3.592132e-03 1.290341e-05 3.550682e+03 2.535871e+01
1.530000e+02 3.585103e-03 1.285297e-05 3.542256e+03 2.516385e+01
1.540000e+02 3.578128e-03 1.280300e-05 3.533808e+03 2.497147e+01
1.550000e+02 3.571268e-03 1.275395e-05 3.525376e+03 2.478138e+01
1.560000e+02 3.564484e-03 1.270554e-05 3.516871e+03 2.459357e+01
1.570000e+02 3.558015e-03 1.265947e-05 3.508284e+03 2.440795e+01
1.580000e+02 3.551793e-03 1.261523e-05 3.499634e+03 2.422451e+01
1.590000e+02 3.545510e-03 1.257064e-05 3.490926e+03 2.404332e+01
1.600000e+02 3.539474e-03 1.252788e-05 3.482220e+03 2.386437e+01
1.610000e+02 3.533467e-03 1.248539e-05 3.473478e+03 2.368766e+01
1.620000e+02 3.527135e-03 1.244068e-05 3.464665e+03 2.351311e+01
1.630000e+02 3.520341e-03 1.239280e-05 3.455814e+03 2.334071e+01
1.640000e+02 3.512854e-03 1.234015e-05 3.446949e+03 2.317042e+01
1.650000e+02 3.504599e-03 1.228221e-05 3.438109e+03 2.300221e+01
1.660000e+02 3.495750e-03 1.222027e-05 3.429321e+03 2.283600e+01
1.670000e+02 3.486271e-03 1.215408e-05 3.420560e+03 2.267177e+01
1.680000e+02 3.476594e-03 1.208670e-05 3.411760e+03 2.250948e+01
1.690000e+02 3.466905e-03 1.201943e-05 3.402904e+03 2.234910e+01
1.700000e+02 3.457322e-03 1.195308e-05 3.393961e+03 2.219062e+01
1.710000e+02 3.447910e-03 1.188808e-05 3.384969e+03 2.203398e+01
1.720000e+02 3.438603e-03 1.182399e-05 3.375919e+03 2.187918e+01
1.730000e+02 3.429390e-03 1.176072e-05 3.366833e+03 2.172621e+01
1.740000e+02 3.420551e-03 1.170017e-05 3.357705e+03 2.157499e+01
1.750000e+02 3.411871e-03 1.164087e-05 3.348489e+03 2.142552e+01
1.760000e+02 3.403089e-03 1.158101e-05 3.339156e+03 2.127774e+01
1.770000e+02 3.394190e-03 1.152053e-05 3.329674e+03 2.113160e+01
1.780000e+02 3.385010e-03 1.145830e-05 3.320010e+03 2.169008e+01
1.790000e+02 3.375503e-03 1.139402e-05 3.310167e+03 2.230174e+01
1.800000e+02 3.365693e-03 1.132789e-05 3.300146e+03 2.260034e+01
1.810000e+02 3.355790e-03 1.126133e-05 3.289927e+03 2.273521e+01
1.820000e+02 3.346551e-03 1.119940e-05 3.279555e+03 2.298030e+01
1.830000e+02 3.338330e-03 1.114445e-05 3.269040e+03 2.346516e+01
1.840000e+02 3.331188e-03 1.109681e-05 3.258385e+03 2.418942e+01
1.850000e+02 3.324499e-03 1.105229e-05 3.247584e+03 2.478611e+01
1.860000e+02 3.317772e-03 1.100761e-05 3.236651e+03 2.526657e+01
1.870000e+02 3.310908e-03 1.096211e-05 3.225605e+03 2.567501e+01
1.880000e+02 3.303893e-03 1.091571e-05 3.214478e+03 2.611166e+01
1.890000e+02 3.296418e-03 1.086637e-05 3.203290e+03 2.654241e+01
1.900000e+02 3.288484e-03 1.081413e-05 3.192041e+03 2.707092e+01
1.910000e+02 3.280470e-03 1.076148e-05 3.180744e+03 2.781045e+01
1.920000e+02 3.272232e-03 1.070750e-05 3.169391e+03 2.866771e+01
1.930000e+02 3.263786e-03 1.065230e-05 3.157965e+03 2.945769e+01
1.940000e+02 3.255233e-03 1.059654e-05 3.146453e+03 3.004085e+01
1.950000e+02 3.246587e-03 1.054033e-05 3.134872e+03 3.036754e+01
1.960000e+02 3.237721e-03 1.048284e-05 3.123238e+03 3.045625e+01
1.970000e+02 3.228656e-03 1.042422e-05 3.111552e+03 3.039723e+01
1.980000e+02 3.219404e-03 1.036456e-05 3.099824e+03 3.027333e+01
1.990000e+02 3.209823e-03 1.030297e-05 3.088092e+03 3.012717e+01
