**************************************************
*            H E D A C   s e a r c h             *
**************************************************
Started on: 2024-11-19 16:21:23.159418

Parameters:
         method: hedac
          x_min:      0.000
          x_max:    456.000
             dx:      1.000
          y_min:      0.000
          y_max:    478.000
             dy:      1.000

          alpha:      1.000
           beta:      0.500
          gamma:      0.100
          kappa:      0.000
             nu:      0.001
        sigma_m:      1.000
        sigma_c:      2.000
       sigma_ac:      0.100
         source:          difsource

         agents:         40
                  341.000,     85.000
                  154.000,    239.000
                  249.000,     34.000
                  154.000,     97.000
                  337.000,     81.000
                  405.000,    140.000
                  147.000,    163.000
                  162.000,     94.000
                  222.000,    307.000
                   18.000,     28.000
                  218.000,    237.000
                  336.000,     86.000
                   64.000,    170.000
                  189.000,    192.000
                  253.000,    308.000
                   88.000,    245.000
                  208.000,    298.000
                  224.000,    114.000
                  105.000,     48.000
                  186.000,    203.000
                  330.000,     75.000
                  207.000,    232.000
                  115.000,     64.000
                  197.000,    430.000
                  216.000,    454.000
                  161.000,    383.000
                  112.000,    254.000
                   50.000,    202.000
                  173.000,    314.000
                  198.000,    215.000
                   91.000,    214.000
                  126.000,    272.000
                  170.000,    272.000
                  177.000,     98.000
                  148.000,    168.000
                  147.000,    162.000
                  111.000,    259.000
                  255.000,     36.000
                   63.000,    137.000
                  185.000,     12.000
