**************************************************
*            H E D A C   s e a r c h             *
**************************************************
Started on: 2024-11-19 14:54:29.341304

Parameters:
         method: hedac
          x_min:      0.000
          x_max:    149.000
             dx:      1.000
          y_min:      0.000
          y_max:    307.000
             dy:      1.000

          alpha:      1.000
           beta:      0.500
          gamma:      0.100
          kappa:      0.000
             nu:      0.001
        sigma_m:      1.000
        sigma_c:      2.000
       sigma_ac:      0.100
         source:          difsource

         agents:         40
                  116.000,     83.000
                   83.000,    283.000
                   67.000,     81.000
                   72.000,     36.000
                   48.000,    241.000
                   71.000,     36.000
                   79.000,     29.000
                   64.000,    193.000
                   57.000,    245.000
                   51.000,    189.000
                   90.000,     24.000
                   76.000,     27.000
                   76.000,    256.000
                  122.000,     79.000
                   94.000,     92.000
                   69.000,    186.000
                   86.000,    102.000
                   65.000,     77.000
                   41.000,    177.000
                  120.000,     89.000
                   95.000,     47.000
                  104.000,    263.000
                   63.000,     33.000
                   90.000,     33.000
                   92.000,     35.000
                   99.000,     67.000
                   83.000,    268.000
                  115.000,    260.000
                   60.000,    247.000
                   67.000,    168.000
                   91.000,     65.000
                   74.000,    149.000
                   48.000,    109.000
                   60.000,     27.000
                  121.000,     75.000
                   64.000,    188.000
                  112.000,    257.000
                   38.000,    133.000
                   95.000,     27.000
                   41.000,    199.000
