**************************************************
*            H E D A C   s e a r c h             *
**************************************************
Started on: 2024-11-19 14:47:37.203537

Parameters:
         method: hedac
          x_min:      0.000
          x_max:    149.000
             dx:      1.000
          y_min:      0.000
          y_max:    307.000
             dy:      1.000

          alpha:      1.000
           beta:      0.500
          gamma:      0.100
          kappa:      0.000
             nu:      0.001
        sigma_m:      1.000
        sigma_c:      2.000
       sigma_ac:      0.100
         source:          difsource

         agents:         40
                   42.000,    142.000
                   84.000,    259.000
                   54.000,    201.000
                   95.000,    269.000
                  109.000,     82.000
                   50.000,    168.000
                  110.000,     77.000
                   71.000,    152.000
                   66.000,     54.000
                   97.000,    278.000
                   88.000,     96.000
                  115.000,     86.000
                   69.000,    189.000
                   53.000,    193.000
                  120.000,    237.000
                   42.000,    147.000
                  122.000,    263.000
                   53.000,    216.000
                  115.000,    253.000
                   83.000,    179.000
                  118.000,    268.000
                  121.000,    245.000
                   58.000,     98.000
                   95.000,     87.000
                   66.000,     78.000
                  111.000,    277.000
                   66.000,    247.000
                   46.000,    147.000
                   58.000,    200.000
                   74.000,    266.000
                   59.000,    195.000
                   93.000,     91.000
                  109.000,    284.000
                   43.000,    210.000
                   72.000,     25.000
                   40.000,    163.000
                   91.000,     23.000
                  109.000,    228.000
                   84.000,    301.000
                   92.000,     34.000
