**************************************************
*            H E D A C   s e a r c h             *
**************************************************
Started on: 2024-11-05 16:10:36.538068

Parameters:
         method: hedac
          x_min:      0.000
          x_max:    226.000
             dx:      1.000
          y_min:      0.000
          y_max:    315.000
             dy:      1.000

          alpha:      1.000
           beta:      0.500
          gamma:      0.100
          kappa:      0.000
             nu:      0.001
        sigma_m:      1.000
        sigma_c:      2.000
       sigma_ac:      0.100
         source:          difsource

         agents:         40
                   68.000,    305.000
                  162.000,    207.000
                   92.000,    284.000
                  180.000,     96.000
                  135.000,    240.000
                   53.000,    230.000
                  173.000,    143.000
                  166.000,    199.000
                   42.000,    228.000
                  169.000,    133.000
                  106.000,    188.000
                  169.000,     73.000
                  194.000,    122.000
                  177.000,    123.000
                   60.000,    224.000
                   97.000,    125.000
                  164.000,    135.000
                  134.000,    188.000
                  160.000,     73.000
                  171.000,     74.000
                  151.000,    106.000
                  219.000,    124.000
                  144.000,    169.000
                  178.000,    107.000
                  151.000,    216.000
                  150.000,     31.000
                   46.000,    206.000
                  152.000,    207.000
                  182.000,    133.000
                   44.000,    210.000
                  175.000,     70.000
                   63.000,    240.000
                  151.000,    214.000
                  219.000,    131.000
                  107.000,    123.000
                   35.000,    228.000
                  181.000,      4.000
                   85.000,    228.000
                  120.000,    124.000
                   94.000,    201.000
