**************************************************
*            H E D A C   s e a r c h             *
**************************************************
Started on: 2024-11-19 14:44:58.856295

Parameters:
         method: hedac
          x_min:      0.000
          x_max:    149.000
             dx:      1.000
          y_min:      0.000
          y_max:    307.000
             dy:      1.000

          alpha:      1.000
           beta:      0.500
          gamma:      0.100
          kappa:      0.000
             nu:      0.001
        sigma_m:      1.000
        sigma_c:      2.000
       sigma_ac:      0.100
         source:          difsource

         agents:         40
                   62.000,    196.000
                   93.000,    180.000
                   70.000,     36.000
                   91.000,     48.000
                   85.000,     31.000
                   82.000,     20.000
                   84.000,    155.000
                   40.000,    153.000
                   56.000,     49.000
                   51.000,    164.000
                   89.000,    267.000
                   70.000,    246.000
                   87.000,    139.000
                   91.000,     46.000
                   77.000,    185.000
                   46.000,    229.000
                   80.000,    246.000
                   50.000,    231.000
                   82.000,    178.000
                   49.000,    148.000
                   87.000,    120.000
                   41.000,    197.000
                   57.000,    235.000
                  124.000,    252.000
                   58.000,     47.000
                   83.000,     17.000
                   33.000,    178.000
                  115.000,    263.000
                  106.000,    277.000
                   67.000,    182.000
                  113.000,    238.000
                   60.000,    151.000
                   83.000,    252.000
                   67.000,    151.000
                   56.000,     55.000
                  116.000,    254.000
                   43.000,    183.000
                   78.000,    305.000
                  115.000,    272.000
                   78.000,    164.000
