           t           E1           E2           E3           E4
0.000000e+00 2.251025e-02 5.067112e-04 2.347256e+03 8.139739e+01
1.000000e+00 2.181681e-02 4.759734e-04 2.328702e+03 7.934566e+01
2.000000e+00 2.095654e-02 4.391767e-04 2.308674e+03 7.642840e+01
3.000000e+00 1.999967e-02 3.999869e-04 2.287287e+03 6.989582e+01
4.000000e+00 1.900805e-02 3.613060e-04 2.264797e+03 6.767429e+01
5.000000e+00 1.801866e-02 3.246723e-04 2.241542e+03 6.197079e+01
6.000000e+00 1.705206e-02 2.907728e-04 2.217720e+03 5.701583e+01
7.000000e+00 1.612188e-02 2.599149e-04 2.193874e+03 5.140850e+01
8.000000e+00 1.523918e-02 2.322327e-04 2.170843e+03 4.624497e+01
9.000000e+00 1.441783e-02 2.078738e-04 2.148792e+03 4.196246e+01
1.000000e+01 1.367990e-02 1.871398e-04 2.127914e+03 3.807753e+01
1.100000e+01 1.303476e-02 1.699050e-04 2.108278e+03 3.456320e+01
1.200000e+01 1.247219e-02 1.555556e-04 2.089545e+03 3.137798e+01
1.300000e+01 1.196966e-02 1.432728e-04 2.071488e+03 2.860508e+01
1.400000e+01 1.150966e-02 1.324722e-04 2.054077e+03 2.620680e+01
1.500000e+01 1.109320e-02 1.230592e-04 2.037014e+03 2.411985e+01
1.600000e+01 1.072399e-02 1.150039e-04 2.019978e+03 2.337213e+01
1.700000e+01 1.039924e-02 1.081443e-04 2.003072e+03 2.327697e+01
1.800000e+01 1.011426e-02 1.022983e-04 1.986298e+03 2.400036e+01
1.900000e+01 9.860154e-03 9.722263e-05 1.969616e+03 2.486551e+01
2.000000e+01 9.625950e-03 9.265891e-05 1.952894e+03 2.472001e+01
2.100000e+01 9.404295e-03 8.844077e-05 1.936221e+03 2.391550e+01
2.200000e+01 9.192500e-03 8.450205e-05 1.919590e+03 2.282247e+01
2.300000e+01 8.990644e-03 8.083169e-05 1.902756e+03 2.167886e+01
2.400000e+01 8.800113e-03 7.744199e-05 1.885426e+03 2.066603e+01
2.500000e+01 8.623920e-03 7.437200e-05 1.867208e+03 2.031409e+01
2.600000e+01 8.463345e-03 7.162821e-05 1.848162e+03 1.965804e+01
2.700000e+01 8.315243e-03 6.914326e-05 1.828413e+03 1.885525e+01
2.800000e+01 8.176614e-03 6.685701e-05 1.808131e+03 1.801904e+01
2.900000e+01 8.044437e-03 6.471297e-05 1.787721e+03 1.720549e+01
3.000000e+01 7.915340e-03 6.265260e-05 1.767652e+03 1.643284e+01
3.100000e+01 7.786725e-03 6.063309e-05 1.748294e+03 1.570308e+01
3.200000e+01 7.658114e-03 5.864670e-05 1.729860e+03 1.501572e+01
3.300000e+01 7.529707e-03 5.669649e-05 1.712523e+03 1.436837e+01
3.400000e+01 7.401593e-03 5.478358e-05 1.696331e+03 1.375832e+01
3.500000e+01 7.272676e-03 5.289182e-05 1.681184e+03 1.318320e+01
3.600000e+01 7.142534e-03 5.101579e-05 1.667024e+03 1.264053e+01
3.700000e+01 7.013356e-03 4.918717e-05 1.653831e+03 1.212826e+01
3.800000e+01 6.890783e-03 4.748289e-05 1.641563e+03 1.164516e+01
3.900000e+01 6.781039e-03 4.598249e-05 1.630244e+03 1.118964e+01
4.000000e+01 6.683282e-03 4.466626e-05 1.619734e+03 1.075892e+01
4.100000e+01 6.594705e-03 4.349013e-05 1.609805e+03 1.034924e+01
4.200000e+01 6.512051e-03 4.240681e-05 1.600245e+03 9.957136e+00
4.300000e+01 6.435381e-03 4.141413e-05 1.590835e+03 9.843381e+00
4.400000e+01 6.360436e-03 4.045514e-05 1.581463e+03 1.046079e+01
4.500000e+01 6.285564e-03 3.950831e-05 1.571986e+03 1.070506e+01
4.600000e+01 6.215221e-03 3.862897e-05 1.562214e+03 1.062199e+01
4.700000e+01 6.150675e-03 3.783081e-05 1.552105e+03 1.036047e+01
4.800000e+01 6.091432e-03 3.710554e-05 1.541660e+03 1.003135e+01
4.900000e+01 6.036985e-03 3.644519e-05 1.530858e+03 9.691048e+00
5.000000e+01 5.987147e-03 3.584593e-05 1.519733e+03 9.358457e+00
5.100000e+01 5.940599e-03 3.529072e-05 1.508239e+03 9.037737e+00
5.200000e+01 5.895532e-03 3.475730e-05 1.496141e+03 9.230591e+00
5.300000e+01 5.850950e-03 3.423361e-05 1.483246e+03 9.358412e+00
5.400000e+01 5.805654e-03 3.370561e-05 1.469296e+03 9.279325e+00
5.500000e+01 5.760607e-03 3.318459e-05 1.454580e+03 9.235603e+00
5.600000e+01 5.715989e-03 3.267253e-05 1.439566e+03 9.439632e+00
5.700000e+01 5.671260e-03 3.216319e-05 1.424236e+03 9.487835e+00
5.800000e+01 5.626023e-03 3.165214e-05 1.408653e+03 9.413648e+00
5.900000e+01 5.580400e-03 3.114086e-05 1.392855e+03 9.278930e+00
6.000000e+01 5.534757e-03 3.063353e-05 1.376788e+03 9.124030e+00
6.100000e+01 5.489314e-03 3.013257e-05 1.360501e+03 8.967547e+00
6.200000e+01 5.443740e-03 2.963431e-05 1.343968e+03 8.814619e+00
6.300000e+01 5.397027e-03 2.912790e-05 1.327137e+03 8.758859e+00
6.400000e+01 5.348419e-03 2.860558e-05 1.310094e+03 8.758077e+00
6.500000e+01 5.297608e-03 2.806466e-05 1.292851e+03 8.642772e+00
6.600000e+01 5.244474e-03 2.750451e-05 1.275401e+03 8.479088e+00
6.700000e+01 5.189400e-03 2.692987e-05 1.257781e+03 8.302895e+00
6.800000e+01 5.132589e-03 2.634347e-05 1.240054e+03 8.127276e+00
6.900000e+01 5.073082e-03 2.573616e-05 1.222449e+03 7.967216e+00
7.000000e+01 5.010463e-03 2.510474e-05 1.204966e+03 7.852106e+00
7.100000e+01 4.945975e-03 2.446267e-05 1.187578e+03 7.716431e+00
7.200000e+01 4.881878e-03 2.383273e-05 1.170333e+03 7.577659e+00
7.300000e+01 4.819572e-03 2.322827e-05 1.153271e+03 7.441132e+00
7.400000e+01 4.759283e-03 2.265078e-05 1.136369e+03 7.308018e+00
7.500000e+01 4.701247e-03 2.210172e-05 1.119612e+03 7.192761e+00
7.600000e+01 4.646198e-03 2.158716e-05 1.103014e+03 7.565296e+00
7.700000e+01 4.594985e-03 2.111388e-05 1.086572e+03 7.840188e+00
7.800000e+01 4.547639e-03 2.068102e-05 1.070361e+03 8.012081e+00
7.900000e+01 4.502565e-03 2.027310e-05 1.054520e+03 8.081932e+00
8.000000e+01 4.458543e-03 1.987860e-05 1.039123e+03 8.042852e+00
8.100000e+01 4.415758e-03 1.949892e-05 1.024180e+03 7.963820e+00
8.200000e+01 4.374444e-03 1.913576e-05 1.009709e+03 7.864372e+00
8.300000e+01 4.334421e-03 1.878721e-05 9.957046e+02 7.757028e+00
8.400000e+01 4.295562e-03 1.845185e-05 9.821356e+02 7.649424e+00
8.500000e+01 4.258380e-03 1.813380e-05 9.690016e+02 7.543478e+00
8.600000e+01 4.223177e-03 1.783523e-05 9.562887e+02 7.439647e+00
8.700000e+01 4.190106e-03 1.755699e-05 9.440138e+02 7.338068e+00
8.800000e+01 4.158701e-03 1.729480e-05 9.322502e+02 7.238757e+00
8.900000e+01 4.128991e-03 1.704857e-05 9.209794e+02 7.141669e+00
9.000000e+01 4.102627e-03 1.683155e-05 9.101000e+02 7.046733e+00
9.100000e+01 4.079731e-03 1.664421e-05 8.995533e+02 6.953879e+00
9.200000e+01 4.059578e-03 1.648018e-05 8.893170e+02 6.863041e+00
9.300000e+01 4.041694e-03 1.633529e-05 8.793102e+02 6.774152e+00
9.400000e+01 4.025032e-03 1.620088e-05 8.694976e+02 7.037119e+00
9.500000e+01 4.008048e-03 1.606445e-05 8.598574e+02 7.597046e+00
9.600000e+01 3.989477e-03 1.591592e-05 8.503535e+02 7.967557e+00
9.700000e+01 3.968224e-03 1.574681e-05 8.409773e+02 8.138584e+00
9.800000e+01 3.944126e-03 1.555613e-05 8.317375e+02 8.167136e+00
9.900000e+01 3.917769e-03 1.534892e-05 8.226397e+02 8.113792e+00
1.000000e+02 3.889910e-03 1.513140e-05 8.137151e+02 8.023620e+00
1.010000e+02 3.861557e-03 1.491162e-05 8.050028e+02 7.921673e+00
1.020000e+02 3.833308e-03 1.469425e-05 7.965157e+02 7.818044e+00
1.030000e+02 3.805143e-03 1.447911e-05 7.882863e+02 7.715652e+00
1.040000e+02 3.776575e-03 1.426252e-05 7.803057e+02 7.615095e+00
1.050000e+02 3.747128e-03 1.404097e-05 7.725329e+02 7.516430e+00
1.060000e+02 3.716537e-03 1.381265e-05 7.649366e+02 7.419619e+00
1.070000e+02 3.684805e-03 1.357779e-05 7.574622e+02 7.324614e+00
1.080000e+02 3.652626e-03 1.334168e-05 7.500745e+02 7.231366e+00
1.090000e+02 3.620909e-03 1.311098e-05 7.427669e+02 7.139826e+00
1.100000e+02 3.590159e-03 1.288924e-05 7.355456e+02 7.049948e+00
1.110000e+02 3.561357e-03 1.268327e-05 7.283894e+02 6.961687e+00
1.120000e+02 3.535949e-03 1.250294e-05 7.213462e+02 6.875000e+00
1.130000e+02 3.514515e-03 1.235182e-05 7.144977e+02 6.789844e+00
1.140000e+02 3.497206e-03 1.223045e-05 7.079107e+02 6.706181e+00
1.150000e+02 3.483446e-03 1.213440e-05 7.015942e+02 6.623970e+00
1.160000e+02 3.471801e-03 1.205340e-05 6.955453e+02 6.543174e+00
1.170000e+02 3.460380e-03 1.197423e-05 6.897667e+02 6.463758e+00
1.180000e+02 3.446932e-03 1.188134e-05 6.842481e+02 6.385688e+00
1.190000e+02 3.429724e-03 1.176301e-05 6.789606e+02 6.308937e+00
1.200000e+02 3.408402e-03 1.161721e-05 6.738783e+02 6.233516e+00
1.210000e+02 3.383647e-03 1.144907e-05 6.689823e+02 6.159519e+00
1.220000e+02 3.357244e-03 1.127109e-05 6.642495e+02 6.086729e+00
1.230000e+02 3.331464e-03 1.109865e-05 6.596596e+02 6.014965e+00
1.240000e+02 3.307960e-03 1.094260e-05 6.551829e+02 5.944295e+00
1.250000e+02 3.286380e-03 1.080029e-05 6.508167e+02 5.874741e+00
1.260000e+02 3.266023e-03 1.066690e-05 6.466184e+02 5.806288e+00
1.270000e+02 3.246784e-03 1.054161e-05 6.426060e+02 5.738911e+00
1.280000e+02 3.228558e-03 1.042359e-05 6.387407e+02 5.672585e+00
1.290000e+02 3.211444e-03 1.031337e-05 6.350018e+02 5.607286e+00
1.300000e+02 3.195104e-03 1.020869e-05 6.313993e+02 5.542991e+00
1.310000e+02 3.178816e-03 1.010487e-05 6.279276e+02 5.479675e+00
1.320000e+02 3.162655e-03 1.000239e-05 6.245721e+02 5.417318e+00
1.330000e+02 3.146853e-03 9.902682e-06 6.213185e+02 5.355898e+00
1.340000e+02 3.131329e-03 9.805221e-06 6.181577e+02 5.295393e+00
1.350000e+02 3.116462e-03 9.712333e-06 6.150690e+02 5.235783e+00
1.360000e+02 3.102963e-03 9.628380e-06 6.120079e+02 5.177049e+00
1.370000e+02 3.090355e-03 9.550294e-06 6.089209e+02 5.119171e+00
1.380000e+02 3.077439e-03 9.470630e-06 6.057768e+02 5.062131e+00
1.390000e+02 3.063173e-03 9.383032e-06 6.025584e+02 5.005910e+00
1.400000e+02 3.046894e-03 9.283560e-06 5.992922e+02 4.950492e+00
1.410000e+02 3.028365e-03 9.170994e-06 5.959341e+02 4.895859e+00
1.420000e+02 3.007680e-03 9.046140e-06 5.924985e+02 4.843166e+00
1.430000e+02 2.985335e-03 8.912224e-06 5.889693e+02 4.936719e+00
1.440000e+02 2.962048e-03 8.773726e-06 5.853562e+02 4.938762e+00
1.450000e+02 2.937769e-03 8.630485e-06 5.816375e+02 4.919751e+00
1.460000e+02 2.912212e-03 8.480982e-06 5.778148e+02 4.867512e+00
1.470000e+02 2.885084e-03 8.323712e-06 5.738892e+02 4.804783e+00
1.480000e+02 2.856482e-03 8.159487e-06 5.699004e+02 4.739500e+00
1.490000e+02 2.827117e-03 7.992588e-06 5.658774e+02 4.674103e+00
1.500000e+02 2.797845e-03 7.827937e-06 5.618777e+02 4.609757e+00
1.510000e+02 2.769222e-03 7.668590e-06 5.578977e+02 4.546498e+00
1.520000e+02 2.741258e-03 7.514497e-06 5.539483e+02 4.485336e+00
1.530000e+02 2.714009e-03 7.365847e-06 5.500319e+02 4.429388e+00
1.540000e+02 2.687448e-03 7.222378e-06 5.461374e+02 4.381357e+00
1.550000e+02 2.661493e-03 7.083548e-06 5.422471e+02 4.341918e+00
1.560000e+02 2.636072e-03 6.948877e-06 5.383454e+02 4.305464e+00
1.570000e+02 2.611182e-03 6.818270e-06 5.344227e+02 4.266624e+00
1.580000e+02 2.587299e-03 6.694118e-06 5.304876e+02 4.223931e+00
1.590000e+02 2.564938e-03 6.578905e-06 5.265549e+02 4.177604e+00
1.600000e+02 2.544648e-03 6.475235e-06 5.226394e+02 4.128363e+00
1.610000e+02 2.526923e-03 6.385337e-06 5.187426e+02 4.076866e+00
1.620000e+02 2.511983e-03 6.310057e-06 5.148982e+02 4.023903e+00
1.630000e+02 2.499875e-03 6.249374e-06 5.111523e+02 3.970286e+00
1.640000e+02 2.490112e-03 6.200656e-06 5.075022e+02 3.916711e+00
1.650000e+02 2.481773e-03 6.159196e-06 5.039400e+02 3.863634e+00
1.660000e+02 2.474107e-03 6.121204e-06 5.004616e+02 3.811259e+00
1.670000e+02 2.466873e-03 6.085463e-06 4.970997e+02 3.831647e+00
1.680000e+02 2.460158e-03 6.052375e-06 4.938799e+02 3.959484e+00
1.690000e+02 2.454138e-03 6.022795e-06 4.908072e+02 4.012812e+00
1.700000e+02 2.448544e-03 5.995366e-06 4.878528e+02 4.022425e+00
1.710000e+02 2.442625e-03 5.966418e-06 4.850309e+02 4.040893e+00
1.720000e+02 2.435455e-03 5.931441e-06 4.823302e+02 4.027398e+00
1.730000e+02 2.426752e-03 5.889124e-06 4.797683e+02 4.001522e+00
1.740000e+02 2.417497e-03 5.844291e-06 4.773381e+02 3.972249e+00
1.750000e+02 2.409462e-03 5.805508e-06 4.750096e+02 3.943375e+00
1.760000e+02 2.402926e-03 5.774053e-06 4.727357e+02 3.916268e+00
1.770000e+02 2.397336e-03 5.747221e-06 4.704814e+02 3.889349e+00
1.780000e+02 2.392116e-03 5.722219e-06 4.682365e+02 3.861494e+00
1.790000e+02 2.386824e-03 5.696929e-06 4.659729e+02 3.833153e+00
1.800000e+02 2.381297e-03 5.670574e-06 4.636516e+02 3.804817e+00
1.810000e+02 2.375513e-03 5.643062e-06 4.612315e+02 3.791412e+00
1.820000e+02 2.369726e-03 5.615602e-06 4.587791e+02 3.764404e+00
1.830000e+02 2.363953e-03 5.588276e-06 4.563972e+02 3.726303e+00
1.840000e+02 2.358129e-03 5.560774e-06 4.540980e+02 3.694481e+00
1.850000e+02 2.351851e-03 5.531201e-06 4.518832e+02 3.667640e+00
1.860000e+02 2.344793e-03 5.498053e-06 4.497616e+02 3.641086e+00
1.870000e+02 2.336969e-03 5.461424e-06 4.477432e+02 3.614814e+00
1.880000e+02 2.328577e-03 5.422272e-06 4.458290e+02 3.588824e+00
1.890000e+02 2.320105e-03 5.382886e-06 4.440895e+02 3.563061e+00
1.900000e+02 2.311601e-03 5.343501e-06 4.423310e+02 3.537639e+00
1.910000e+02 2.303290e-03 5.305144e-06 4.405053e+02 3.512586e+00
1.920000e+02 2.295421e-03 5.268956e-06 4.386281e+02 3.487885e+00
1.930000e+02 2.288365e-03 5.236615e-06 4.370023e+02 3.464551e+00
1.940000e+02 2.281923e-03 5.207170e-06 4.355429e+02 3.442961e+00
1.950000e+02 2.275747e-03 5.179026e-06 4.342732e+02 3.421517e+00
1.960000e+02 2.269448e-03 5.150393e-06 4.332250e+02 3.400192e+00
1.970000e+02 2.262732e-03 5.119956e-06 4.323280e+02 3.379031e+00
1.980000e+02 2.255580e-03 5.087641e-06 4.315219e+02 3.358061e+00
1.990000e+02 2.248313e-03 5.054909e-06 4.307834e+02 3.337295e+00
