**************************************************
*            H E D A C   s e a r c h             *
**************************************************
Started on: 2024-11-19 14:42:22.739054

Parameters:
         method: hedac
          x_min:      0.000
          x_max:    149.000
             dx:      1.000
          y_min:      0.000
          y_max:    307.000
             dy:      1.000

          alpha:      1.000
           beta:      0.500
          gamma:      0.100
          kappa:      0.000
             nu:      0.001
        sigma_m:      1.000
        sigma_c:      2.000
       sigma_ac:      0.100
         source:          difsource

         agents:         40
                   89.000,    273.000
                  102.000,    282.000
                   50.000,    206.000
                  113.000,     84.000
                   51.000,    193.000
                   47.000,    193.000
                   69.000,    178.000
                   79.000,    294.000
                   95.000,     96.000
                   80.000,    302.000
                   46.000,    181.000
                  114.000,    274.000
                   84.000,    271.000
                   38.000,    198.000
                   73.000,    194.000
                   75.000,    257.000
                  109.000,    270.000
                  115.000,     80.000
                   86.000,    289.000
                   86.000,    121.000
                   86.000,    111.000
                  120.000,    267.000
                   81.000,    168.000
                   69.000,    147.000
                   51.000,    212.000
                   70.000,    150.000
                   62.000,    154.000
                   45.000,    184.000
                   69.000,     36.000
                   48.000,    118.000
                   71.000,    190.000
                   52.000,    116.000
                  124.000,     86.000
                   36.000,    194.000
                   48.000,    199.000
                   81.000,    167.000
                   87.000,    110.000
                  120.000,     74.000
                   82.000,    153.000
                   99.000,    270.000
