**************************************************
*            H E D A C   s e a r c h             *
**************************************************
Started on: 2024-11-19 14:01:00.772503

Parameters:
         method: hedac
          x_min:      0.000
          x_max:    193.000
             dx:      1.000
          y_min:      0.000
          y_max:    226.000
             dy:      1.000

          alpha:      1.000
           beta:      0.500
          gamma:      0.100
          kappa:      0.000
             nu:      0.001
        sigma_m:      1.000
        sigma_c:      2.000
       sigma_ac:      0.100
         source:          difsource

         agents:         40
                  131.000,     27.000
                   87.000,    126.000
                   52.000,    187.000
                   45.000,    209.000
                   57.000,    211.000
                   93.000,    123.000
                  147.000,     38.000
                  153.000,    106.000
                  120.000,    177.000
                   67.000,    191.000
                  124.000,    128.000
                  121.000,    166.000
                  140.000,     68.000
                  157.000,    120.000
                   88.000,    140.000
                   53.000,    169.000
                  148.000,    108.000
                   48.000,    205.000
                   50.000,    143.000
                  140.000,     68.000
                   54.000,    169.000
                   75.000,     84.000
                  118.000,      5.000
                  181.000,     67.000
                   64.000,    134.000
                  116.000,    189.000
                   49.000,    206.000
                   67.000,    111.000
                   31.000,    189.000
                   42.000,    197.000
                  120.000,      3.000
                   92.000,    135.000
                   32.000,    187.000
                   53.000,    212.000
                   90.000,     85.000
                  135.000,     84.000
                  140.000,     71.000
                  101.000,     62.000
                   49.000,    174.000
                  169.000,    121.000
