**************************************************
*            H E D A C   s e a r c h             *
**************************************************
Started on: 2024-11-19 14:50:09.922204

Parameters:
         method: hedac
          x_min:      0.000
          x_max:    149.000
             dx:      1.000
          y_min:      0.000
          y_max:    307.000
             dy:      1.000

          alpha:      1.000
           beta:      0.500
          gamma:      0.100
          kappa:      0.000
             nu:      0.001
        sigma_m:      1.000
        sigma_c:      2.000
       sigma_ac:      0.100
         source:          difsource

         agents:         40
                   65.000,     96.000
                   44.000,    175.000
                   82.000,     28.000
                   85.000,     97.000
                   42.000,    167.000
                   46.000,    211.000
                   44.000,    160.000
                   86.000,     59.000
                   88.000,    127.000
                   61.000,    100.000
                   69.000,     33.000
                   61.000,     93.000
                   92.000,     91.000
                   63.000,    183.000
                   71.000,    249.000
                  105.000,     89.000
                   91.000,    297.000
                   73.000,    253.000
                   65.000,     30.000
                  109.000,    280.000
                   95.000,    101.000
                   51.000,    159.000
                   78.000,    194.000
                  105.000,     89.000
                   72.000,    153.000
                  107.000,    285.000
                   67.000,    163.000
                   44.000,    185.000
                   61.000,    195.000
                   68.000,     81.000
                   41.000,    136.000
                   42.000,    197.000
                   75.000,    148.000
                   56.000,    247.000
                  103.000,    279.000
                   50.000,    120.000
                  113.000,    270.000
                  101.000,    279.000
                   61.000,    181.000
                   88.000,    143.000
