**************************************************
*            H E D A C   s e a r c h             *
**************************************************
Started on: 2024-11-19 14:53:53.423042

Parameters:
         method: hedac
          x_min:      0.000
          x_max:    149.000
             dx:      1.000
          y_min:      0.000
          y_max:    307.000
             dy:      1.000

          alpha:      1.000
           beta:      0.500
          gamma:      0.100
          kappa:      0.000
             nu:      0.001
        sigma_m:      1.000
        sigma_c:      2.000
       sigma_ac:      0.100
         source:          difsource

         agents:         40
                   32.000,    183.000
                   72.000,    189.000
                   53.000,    162.000
                   98.000,     98.000
                   79.000,     22.000
                   55.000,     55.000
                   85.000,    286.000
                  118.000,    264.000
                  101.000,    281.000
                   55.000,    160.000
                   70.000,    285.000
                   57.000,    232.000
                  102.000,     75.000
                   81.000,    191.000
                   93.000,     97.000
                  123.000,     76.000
                   46.000,    191.000
                   61.000,     58.000
                   65.000,     36.000
                   62.000,     83.000
                   64.000,    242.000
                  110.000,     83.000
                   78.000,    284.000
                   46.000,    176.000
                  112.000,    237.000
                   81.000,    291.000
                  118.000,    269.000
                   49.000,    116.000
                   99.000,     53.000
                   61.000,    198.000
                   63.000,    175.000
                   87.000,    174.000
                   74.000,    152.000
                   53.000,    161.000
                  101.000,     51.000
                  100.000,     95.000
                   95.000,    271.000
                  121.000,    237.000
                   64.000,    162.000
                   94.000,    122.000
