**************************************************
*            H E D A C   s e a r c h             *
**************************************************
Started on: 2024-11-05 16:01:18.911518

Parameters:
         method: hedac
          x_min:      0.000
          x_max:    226.000
             dx:      1.000
          y_min:      0.000
          y_max:    315.000
             dy:      1.000

          alpha:      1.000
           beta:      0.500
          gamma:      0.100
          kappa:      0.000
             nu:      0.001
        sigma_m:      1.000
        sigma_c:      2.000
       sigma_ac:      0.100
         source:          difsource

         agents:         40
                  143.000,    130.000
                  101.000,    226.000
                  165.000,    139.000
                  134.000,    193.000
                  176.000,    129.000
                  138.000,    162.000
                  102.000,    281.000
                   25.000,    220.000
                  140.000,    173.000
                   45.000,    202.000
                  115.000,    122.000
                  169.000,    114.000
                   46.000,    210.000
                  173.000,    143.000
                  107.000,    202.000
                  130.000,    116.000
                  156.000,     50.000
                   99.000,    278.000
                  124.000,    111.000
                  177.000,    148.000
                   45.000,    241.000
                   81.000,    119.000
                  178.000,    118.000
                   96.000,    283.000
                  174.000,    110.000
                  117.000,    266.000
                   66.000,    223.000
                  128.000,    114.000
                  171.000,    131.000
                  128.000,    175.000
                   99.000,    196.000
                  140.000,     15.000
                  131.000,    108.000
                   13.000,    243.000
                  168.000,    182.000
                  178.000,     99.000
                  155.000,    211.000
                  149.000,     30.000
                  118.000,    118.000
                   53.000,    232.000
