**************************************************
*            H E D A C   s e a r c h             *
**************************************************
Started on: 2024-11-19 16:21:23.159163

Parameters:
         method: hedac
          x_min:      0.000
          x_max:    456.000
             dx:      1.000
          y_min:      0.000
          y_max:    478.000
             dy:      1.000

          alpha:      1.000
           beta:      0.500
          gamma:      0.100
          kappa:      0.000
             nu:      0.001
        sigma_m:      1.000
        sigma_c:      2.000
       sigma_ac:      0.100
         source:          difsource

         agents:         40
                  152.000,    262.000
                   65.000,     76.000
                   59.000,     45.000
                   67.000,     86.000
                   92.000,     57.000
                   82.000,    245.000
                  101.000,    238.000
                   40.000,     26.000
                  183.000,    102.000
                  142.000,    290.000
                  170.000,    315.000
                   79.000,     60.000
                  258.000,     46.000
                  134.000,    103.000
                  292.000,     47.000
                  226.000,    283.000
                   57.000,    153.000
                   66.000,    159.000
                  205.000,    447.000
                  247.000,    456.000
                   90.000,    249.000
                  189.000,     10.000
                   65.000,    223.000
                  179.000,    178.000
                  169.000,    327.000
                  256.000,    152.000
                  188.000,    305.000
                  146.000,    252.000
                   96.000,    257.000
                  266.000,    470.000
                   88.000,    227.000
                   73.000,     97.000
                  128.000,    141.000
                  266.000,    311.000
                   60.000,    181.000
                  242.000,    462.000
                  176.000,    244.000
                   33.000,     27.000
                   60.000,    210.000
                  172.000,    309.000
