           t           E1           E2           E3           E4
0.000000e+00 2.198872e-02 4.835038e-04 3.740617e+03 2.760319e+02
1.000000e+00 2.179928e-02 4.752085e-04 3.711992e+03 2.690270e+02
2.000000e+00 2.135422e-02 4.560027e-04 3.677977e+03 2.851355e+02
3.000000e+00 2.070473e-02 4.286860e-04 3.640718e+03 2.689597e+02
4.000000e+00 1.992546e-02 3.970241e-04 3.602426e+03 2.365677e+02
5.000000e+00 1.907873e-02 3.639978e-04 3.563794e+03 2.020612e+02
6.000000e+00 1.821848e-02 3.319132e-04 3.525449e+03 1.747145e+02
7.000000e+00 1.738633e-02 3.022845e-04 3.487852e+03 1.517268e+02
8.000000e+00 1.660553e-02 2.757435e-04 3.451492e+03 1.349570e+02
9.000000e+00 1.588058e-02 2.521930e-04 3.416561e+03 1.213594e+02
1.000000e+01 1.520630e-02 2.312316e-04 3.382720e+03 1.108660e+02
1.100000e+01 1.457789e-02 2.125149e-04 3.349941e+03 1.032095e+02
1.200000e+01 1.399197e-02 1.957753e-04 3.318396e+03 9.628190e+01
1.300000e+01 1.344713e-02 1.808252e-04 3.288125e+03 8.896897e+01
1.400000e+01 1.294224e-02 1.675015e-04 3.259015e+03 8.219531e+01
1.500000e+01 1.247827e-02 1.557071e-04 3.231055e+03 7.618304e+01
1.600000e+01 1.205593e-02 1.453455e-04 3.204339e+03 7.088530e+01
1.700000e+01 1.167109e-02 1.362143e-04 3.178891e+03 6.619785e+01
1.800000e+01 1.131764e-02 1.280890e-04 3.154433e+03 6.202361e+01
1.900000e+01 1.099261e-02 1.208374e-04 3.130718e+03 5.880618e+01
2.000000e+01 1.069311e-02 1.143426e-04 3.107538e+03 6.253845e+01
2.100000e+01 1.041872e-02 1.085497e-04 3.084645e+03 6.481779e+01
2.200000e+01 1.017077e-02 1.034446e-04 3.061827e+03 6.551487e+01
2.300000e+01 9.949920e-03 9.900091e-05 3.039430e+03 6.439488e+01
2.400000e+01 9.749610e-03 9.505490e-05 3.017465e+03 6.641160e+01
2.500000e+01 9.562677e-03 9.144478e-05 2.995826e+03 6.631861e+01
2.600000e+01 9.386639e-03 8.810899e-05 2.974531e+03 6.528003e+01
2.700000e+01 9.220890e-03 8.502481e-05 2.953555e+03 6.468512e+01
2.800000e+01 9.063328e-03 8.214391e-05 2.932723e+03 6.421840e+01
2.900000e+01 8.911634e-03 7.941721e-05 2.911779e+03 6.289206e+01
3.000000e+01 8.765772e-03 7.683875e-05 2.890615e+03 6.144589e+01
3.100000e+01 8.627602e-03 7.443552e-05 2.869376e+03 5.969587e+01
3.200000e+01 8.497415e-03 7.220605e-05 2.848038e+03 5.783974e+01
3.300000e+01 8.372784e-03 7.010351e-05 2.826589e+03 5.587309e+01
3.400000e+01 8.250145e-03 6.806489e-05 2.805228e+03 5.396200e+01
3.500000e+01 8.127425e-03 6.605503e-05 2.784035e+03 5.214645e+01
3.600000e+01 8.004126e-03 6.406603e-05 2.763022e+03 5.042860e+01
3.700000e+01 7.881813e-03 6.212298e-05 2.742249e+03 4.880259e+01
3.800000e+01 7.762236e-03 6.025231e-05 2.721861e+03 4.726155e+01
3.900000e+01 7.646567e-03 5.846998e-05 2.701917e+03 4.579904e+01
4.000000e+01 7.536003e-03 5.679135e-05 2.682364e+03 4.440923e+01
4.100000e+01 7.430480e-03 5.521203e-05 2.663135e+03 4.308681e+01
4.200000e+01 7.328864e-03 5.371225e-05 2.644230e+03 4.183082e+01
4.300000e+01 7.231521e-03 5.229490e-05 2.625708e+03 4.066769e+01
4.400000e+01 7.139522e-03 5.097277e-05 2.607507e+03 3.955711e+01
4.500000e+01 7.052604e-03 4.973922e-05 2.589603e+03 3.849560e+01
4.600000e+01 6.968475e-03 4.855965e-05 2.571995e+03 3.747996e+01
4.700000e+01 6.884666e-03 4.739863e-05 2.554733e+03 3.650731e+01
4.800000e+01 6.799753e-03 4.623664e-05 2.537842e+03 3.580198e+01
4.900000e+01 6.713383e-03 4.506952e-05 2.521505e+03 3.526839e+01
5.000000e+01 6.626499e-03 4.391049e-05 2.505791e+03 3.479820e+01
5.100000e+01 6.539247e-03 4.276175e-05 2.490650e+03 3.506971e+01
5.200000e+01 6.451030e-03 4.161579e-05 2.476037e+03 3.625586e+01
5.300000e+01 6.362697e-03 4.048391e-05 2.461935e+03 3.698951e+01
5.400000e+01 6.276308e-03 3.939204e-05 2.448294e+03 3.692043e+01
5.500000e+01 6.192897e-03 3.835197e-05 2.435137e+03 3.647444e+01
5.600000e+01 6.113036e-03 3.736921e-05 2.422484e+03 3.589374e+01
5.700000e+01 6.037561e-03 3.645215e-05 2.410332e+03 3.518547e+01
5.800000e+01 5.965807e-03 3.559085e-05 2.398579e+03 3.445439e+01
5.900000e+01 5.897019e-03 3.477483e-05 2.387075e+03 3.373906e+01
6.000000e+01 5.830125e-03 3.399036e-05 2.375883e+03 3.304531e+01
6.100000e+01 5.764415e-03 3.322848e-05 2.365157e+03 3.237301e+01
6.200000e+01 5.700200e-03 3.249228e-05 2.354905e+03 3.172173e+01
6.300000e+01 5.638404e-03 3.179160e-05 2.345091e+03 3.109059e+01
6.400000e+01 5.580268e-03 3.113939e-05 2.335751e+03 3.052105e+01
6.500000e+01 5.525486e-03 3.053100e-05 2.326919e+03 3.011646e+01
6.600000e+01 5.472385e-03 2.994700e-05 2.318563e+03 2.955792e+01
6.700000e+01 5.419893e-03 2.937524e-05 2.310630e+03 2.896288e+01
6.800000e+01 5.367510e-03 2.881016e-05 2.303048e+03 2.837188e+01
6.900000e+01 5.315738e-03 2.825707e-05 2.295652e+03 2.782618e+01
7.000000e+01 5.265066e-03 2.772092e-05 2.288294e+03 2.737696e+01
7.100000e+01 5.215314e-03 2.719950e-05 2.280953e+03 2.698302e+01
7.200000e+01 5.167121e-03 2.669914e-05 2.273735e+03 2.732802e+01
7.300000e+01 5.120736e-03 2.622194e-05 2.266636e+03 2.721570e+01
7.400000e+01 5.076005e-03 2.576583e-05 2.259574e+03 2.689920e+01
7.500000e+01 5.032749e-03 2.532856e-05 2.252504e+03 2.651888e+01
7.600000e+01 4.991712e-03 2.491719e-05 2.245476e+03 2.612835e+01
7.700000e+01 4.953240e-03 2.453459e-05 2.238454e+03 2.574344e+01
7.800000e+01 4.917142e-03 2.417829e-05 2.231417e+03 2.536753e+01
7.900000e+01 4.882823e-03 2.384196e-05 2.224354e+03 2.500099e+01
8.000000e+01 4.849455e-03 2.351722e-05 2.217263e+03 2.464360e+01
8.100000e+01 4.817108e-03 2.320453e-05 2.210161e+03 2.429505e+01
8.200000e+01 4.785787e-03 2.290375e-05 2.203059e+03 2.396624e+01
8.300000e+01 4.755528e-03 2.261504e-05 2.195964e+03 2.561811e+01
8.400000e+01 4.726405e-03 2.233890e-05 2.188882e+03 2.648940e+01
8.500000e+01 4.698131e-03 2.207243e-05 2.181735e+03 2.669403e+01
8.600000e+01 4.670080e-03 2.180965e-05 2.174521e+03 2.650562e+01
8.700000e+01 4.641211e-03 2.154084e-05 2.167263e+03 2.615098e+01
8.800000e+01 4.610642e-03 2.125802e-05 2.159961e+03 2.574820e+01
8.900000e+01 4.577818e-03 2.095641e-05 2.152606e+03 2.534015e+01
9.000000e+01 4.542799e-03 2.063702e-05 2.145202e+03 2.493817e+01
9.100000e+01 4.505881e-03 2.030297e-05 2.137747e+03 2.454449e+01
9.200000e+01 4.467788e-03 1.996113e-05 2.130283e+03 2.415926e+01
9.300000e+01 4.429360e-03 1.961923e-05 2.122850e+03 2.378228e+01
9.400000e+01 4.391405e-03 1.928444e-05 2.115447e+03 2.341331e+01
9.500000e+01 4.354722e-03 1.896360e-05 2.108083e+03 2.305209e+01
9.600000e+01 4.320270e-03 1.866473e-05 2.100754e+03 2.269837e+01
9.700000e+01 4.288544e-03 1.839161e-05 2.093403e+03 2.235193e+01
9.800000e+01 4.259163e-03 1.814047e-05 2.085997e+03 2.201254e+01
9.900000e+01 4.231205e-03 1.790310e-05 2.078572e+03 2.168000e+01
1.000000e+02 4.203616e-03 1.767039e-05 2.071165e+03 2.135409e+01
1.010000e+02 4.176032e-03 1.743924e-05 2.063722e+03 2.103462e+01
1.020000e+02 4.148371e-03 1.720898e-05 2.056201e+03 2.072140e+01
1.030000e+02 4.120714e-03 1.698029e-05 2.048606e+03 2.041424e+01
1.040000e+02 4.092856e-03 1.675147e-05 2.040956e+03 2.011299e+01
1.050000e+02 4.064392e-03 1.651928e-05 2.033250e+03 2.019622e+01
1.060000e+02 4.034998e-03 1.628121e-05 2.025472e+03 2.008982e+01
1.070000e+02 4.004664e-03 1.603733e-05 2.017642e+03 1.986397e+01
1.080000e+02 3.973350e-03 1.578751e-05 2.009807e+03 1.960020e+01
1.090000e+02 3.940951e-03 1.553110e-05 2.001994e+03 1.932788e+01
1.100000e+02 3.907755e-03 1.527055e-05 1.994236e+03 1.905672e+01
1.110000e+02 3.874644e-03 1.501286e-05 1.986577e+03 1.878955e+01
1.120000e+02 3.842427e-03 1.476424e-05 1.979016e+03 1.852695e+01
1.130000e+02 3.811672e-03 1.452885e-05 1.971488e+03 1.826908e+01
1.140000e+02 3.782550e-03 1.430769e-05 1.963936e+03 1.801630e+01
1.150000e+02 3.754793e-03 1.409847e-05 1.956308e+03 1.777046e+01
1.160000e+02 3.727845e-03 1.389683e-05 1.948583e+03 1.753483e+01
1.170000e+02 3.701187e-03 1.369878e-05 1.940743e+03 1.730549e+01
1.180000e+02 3.674648e-03 1.350304e-05 1.932777e+03 1.708167e+01
1.190000e+02 3.648169e-03 1.330914e-05 1.924683e+03 1.686363e+01
1.200000e+02 3.621832e-03 1.311767e-05 1.916457e+03 1.664924e+01
1.210000e+02 3.595894e-03 1.293046e-05 1.908035e+03 1.647525e+01
1.220000e+02 3.570557e-03 1.274887e-05 1.899395e+03 1.630411e+01
1.230000e+02 3.545963e-03 1.257386e-05 1.890509e+03 1.613575e+01
1.240000e+02 3.521838e-03 1.240334e-05 1.881368e+03 1.597009e+01
1.250000e+02 3.497772e-03 1.223441e-05 1.872020e+03 1.580709e+01
1.260000e+02 3.473694e-03 1.206655e-05 1.862577e+03 1.564667e+01
1.270000e+02 3.449655e-03 1.190012e-05 1.853095e+03 1.548876e+01
1.280000e+02 3.425785e-03 1.173600e-05 1.843591e+03 1.533333e+01
1.290000e+02 3.402226e-03 1.157514e-05 1.834086e+03 1.518029e+01
1.300000e+02 3.379158e-03 1.141871e-05 1.824626e+03 1.502961e+01
1.310000e+02 3.356646e-03 1.126707e-05 1.815250e+03 1.488122e+01
1.320000e+02 3.334806e-03 1.112093e-05 1.805936e+03 1.473508e+01
1.330000e+02 3.314053e-03 1.098295e-05 1.796703e+03 1.459113e+01
1.340000e+02 3.294662e-03 1.085480e-05 1.787614e+03 1.444933e+01
1.350000e+02 3.276419e-03 1.073492e-05 1.778736e+03 1.430963e+01
1.360000e+02 3.258741e-03 1.061939e-05 1.770077e+03 1.417197e+01
1.370000e+02 3.241055e-03 1.050444e-05 1.761586e+03 1.403632e+01
1.380000e+02 3.223071e-03 1.038818e-05 1.753214e+03 1.390264e+01
1.390000e+02 3.205069e-03 1.027247e-05 1.744871e+03 1.377088e+01
1.400000e+02 3.187333e-03 1.015909e-05 1.736551e+03 1.364100e+01
1.410000e+02 3.170019e-03 1.004902e-05 1.728259e+03 1.351295e+01
1.420000e+02 3.152994e-03 9.941374e-06 1.719998e+03 1.338671e+01
1.430000e+02 3.135832e-03 9.833442e-06 1.711795e+03 1.326225e+01
1.440000e+02 3.118097e-03 9.722530e-06 1.703662e+03 1.345118e+01
1.450000e+02 3.099753e-03 9.608466e-06 1.695624e+03 1.385263e+01
1.460000e+02 3.081130e-03 9.493361e-06 1.687733e+03 1.419715e+01
1.470000e+02 3.062545e-03 9.379183e-06 1.679991e+03 1.449833e+01
1.480000e+02 3.044214e-03 9.267238e-06 1.672358e+03 1.454731e+01
1.490000e+02 3.026437e-03 9.159321e-06 1.664783e+03 1.447454e+01
1.500000e+02 3.009393e-03 9.056446e-06 1.657226e+03 1.434705e+01
1.510000e+02 2.993104e-03 8.958671e-06 1.649660e+03 1.419765e+01
1.520000e+02 2.978001e-03 8.868491e-06 1.642074e+03 1.404240e+01
1.530000e+02 2.964467e-03 8.788062e-06 1.634451e+03 1.388705e+01
1.540000e+02 2.952733e-03 8.718633e-06 1.626829e+03 1.373337e+01
1.550000e+02 2.943026e-03 8.661401e-06 1.619234e+03 1.358172e+01
1.560000e+02 2.934932e-03 8.613828e-06 1.611712e+03 1.343254e+01
1.570000e+02 2.927425e-03 8.569820e-06 1.604297e+03 1.370618e+01
1.580000e+02 2.919543e-03 8.523729e-06 1.596996e+03 1.479636e+01
1.590000e+02 2.910709e-03 8.472228e-06 1.589769e+03 1.580714e+01
1.600000e+02 2.900574e-03 8.413329e-06 1.582567e+03 1.643355e+01
1.610000e+02 2.889175e-03 8.347331e-06 1.575365e+03 1.668383e+01
1.620000e+02 2.876712e-03 8.275469e-06 1.568156e+03 1.668737e+01
1.630000e+02 2.863568e-03 8.200020e-06 1.560941e+03 1.657526e+01
1.640000e+02 2.850357e-03 8.124533e-06 1.553760e+03 1.642349e+01
1.650000e+02 2.837624e-03 8.052109e-06 1.546639e+03 1.626251e+01
1.660000e+02 2.825860e-03 7.985485e-06 1.539588e+03 1.610119e+01
1.670000e+02 2.815334e-03 7.926104e-06 1.532606e+03 1.594135e+01
1.680000e+02 2.806244e-03 7.875004e-06 1.525725e+03 1.578344e+01
1.690000e+02 2.798601e-03 7.832170e-06 1.518983e+03 1.562747e+01
1.700000e+02 2.792503e-03 7.798076e-06 1.512430e+03 1.547331e+01
1.710000e+02 2.787634e-03 7.770901e-06 1.506058e+03 1.532089e+01
1.720000e+02 2.783504e-03 7.747897e-06 1.499782e+03 1.517016e+01
1.730000e+02 2.779721e-03 7.726851e-06 1.493538e+03 1.502116e+01
1.740000e+02 2.776023e-03 7.706305e-06 1.487295e+03 1.487389e+01
1.750000e+02 2.771892e-03 7.683384e-06 1.481031e+03 1.472833e+01
1.760000e+02 2.766960e-03 7.656067e-06 1.474735e+03 1.458448e+01
1.770000e+02 2.761629e-03 7.626597e-06 1.468408e+03 1.444232e+01
1.780000e+02 2.756380e-03 7.597629e-06 1.462063e+03 1.430195e+01
1.790000e+02 2.751794e-03 7.572372e-06 1.455744e+03 1.418683e+01
1.800000e+02 2.748100e-03 7.552052e-06 1.449425e+03 1.407292e+01
1.810000e+02 2.745144e-03 7.535813e-06 1.443065e+03 1.396024e+01
1.820000e+02 2.742740e-03 7.522623e-06 1.436684e+03 1.384878e+01
1.830000e+02 2.740546e-03 7.510590e-06 1.430314e+03 1.438005e+01
1.840000e+02 2.738297e-03 7.498273e-06 1.423966e+03 1.512975e+01
1.850000e+02 2.735737e-03 7.484257e-06 1.417684e+03 1.583066e+01
1.860000e+02 2.732589e-03 7.467043e-06 1.411518e+03 1.621795e+01
1.870000e+02 2.728506e-03 7.444745e-06 1.405494e+03 1.633829e+01
1.880000e+02 2.723323e-03 7.416488e-06 1.399613e+03 1.632436e+01
1.890000e+02 2.717119e-03 7.382738e-06 1.393877e+03 1.625478e+01
1.900000e+02 2.710412e-03 7.346332e-06 1.388314e+03 1.616160e+01
1.910000e+02 2.703794e-03 7.310501e-06 1.382916e+03 1.606033e+01
1.920000e+02 2.697461e-03 7.276296e-06 1.377641e+03 1.595722e+01
1.930000e+02 2.691406e-03 7.243667e-06 1.372404e+03 1.585433e+01
1.940000e+02 2.685318e-03 7.210934e-06 1.367183e+03 1.575229e+01
1.950000e+02 2.678707e-03 7.175471e-06 1.361977e+03 1.565126e+01
1.960000e+02 2.671235e-03 7.135499e-06 1.356752e+03 1.555125e+01
1.970000e+02 2.662875e-03 7.090905e-06 1.351500e+03 1.545225e+01
1.980000e+02 2.654028e-03 7.043867e-06 1.346216e+03 1.535426e+01
1.990000e+02 2.645209e-03 6.997131e-06 1.340903e+03 1.525724e+01
