**************************************************
*            H E D A C   s e a r c h             *
**************************************************
Started on: 2024-11-19 17:04:41.889960

Parameters:
         method: hedac
          x_min:      0.000
          x_max:    456.000
             dx:      1.000
          y_min:      0.000
          y_max:    478.000
             dy:      1.000

          alpha:      1.000
           beta:      0.500
          gamma:      0.100
          kappa:      0.000
             nu:      0.001
        sigma_m:      1.000
        sigma_c:      2.000
       sigma_ac:      0.100
         source:          difsource

         agents:         40
                  216.000,    180.000
                  139.000,    105.000
                  155.000,     49.000
                  162.000,    343.000
                  340.000,     82.000
                  132.000,    136.000
                   76.000,    164.000
                   86.000,    255.000
                  259.000,     39.000
                   69.000,    197.000
                  210.000,    240.000
                  253.000,    147.000
                  253.000,    198.000
                  338.000,     85.000
                  219.000,    309.000
                  174.000,     97.000
                  174.000,    282.000
                  344.000,     99.000
                  226.000,     17.000
                   87.000,    217.000
                   35.000,     51.000
                  382.000,    141.000
                   43.000,     58.000
                  180.000,    280.000
                  155.000,    245.000
                  260.000,    205.000
                  198.000,    223.000
                  200.000,    432.000
                  222.000,    456.000
                  147.000,    103.000
                   57.000,    172.000
                   68.000,     85.000
                  253.000,    174.000
                  175.000,     33.000
                  167.000,    392.000
                  189.000,    296.000
                  263.000,    247.000
                  190.000,    240.000
                   68.000,     56.000
                  224.000,    452.000
