**************************************************
*            H E D A C   s e a r c h             *
**************************************************
Started on: 2024-11-05 16:01:24.007207

Parameters:
         method: hedac
          x_min:      0.000
          x_max:    226.000
             dx:      1.000
          y_min:      0.000
          y_max:    315.000
             dy:      1.000

          alpha:      1.000
           beta:      0.500
          gamma:      0.100
          kappa:      0.000
             nu:      0.001
        sigma_m:      1.000
        sigma_c:      2.000
       sigma_ac:      0.100
         source:          difsource

         agents:         40
                    4.000,    240.000
                  106.000,    210.000
                   72.000,    293.000
                  183.000,    111.000
                  133.000,    113.000
                  177.000,    139.000
                   84.000,    289.000
                  107.000,    189.000
                  170.000,     68.000
                  130.000,    120.000
                  159.000,    100.000
                  146.000,     19.000
                  164.000,    200.000
                  168.000,    140.000
                  111.000,    265.000
                  151.000,     58.000
                   16.000,    239.000
                   27.000,    233.000
                  176.000,     95.000
                   93.000,    131.000
                  121.000,    203.000
                  152.000,    172.000
                  204.000,    128.000
                   69.000,    302.000
                  134.000,    119.000
                  187.000,     96.000
                  142.000,    167.000
                   39.000,    221.000
                   66.000,    307.000
                  168.000,    143.000
                   43.000,    242.000
                  149.000,    114.000
                   69.000,    311.000
                  173.000,    133.000
                  127.000,    253.000
                  208.000,    118.000
                   51.000,    242.000
                  173.000,    140.000
                   46.000,    210.000
                   10.000,    235.000
