**************************************************
*            H E D A C   s e a r c h             *
**************************************************
Started on: 2024-11-19 14:42:22.738638

Parameters:
         method: hedac
          x_min:      0.000
          x_max:    149.000
             dx:      1.000
          y_min:      0.000
          y_max:    307.000
             dy:      1.000

          alpha:      1.000
           beta:      0.500
          gamma:      0.100
          kappa:      0.000
             nu:      0.001
        sigma_m:      1.000
        sigma_c:      2.000
       sigma_ac:      0.100
         source:          difsource

         agents:         40
                   57.000,    101.000
                   81.000,     18.000
                   93.000,    272.000
                  122.000,    254.000
                   31.000,    175.000
                   73.000,    147.000
                   56.000,    229.000
                   97.000,    271.000
                   49.000,    115.000
                   88.000,     25.000
                   87.000,    133.000
                   72.000,    296.000
                   44.000,    120.000
                  112.000,    272.000
                  115.000,    266.000
                   93.000,     99.000
                   45.000,    147.000
                   60.000,     61.000
                   48.000,    110.000
                   71.000,     32.000
                   59.000,     41.000
                  107.000,     64.000
                   65.000,    188.000
                   64.000,     58.000
                   92.000,     60.000
                  118.000,    254.000
                   77.000,    251.000
                  122.000,     84.000
                   80.000,     29.000
                   95.000,     45.000
                   42.000,    199.000
                   57.000,     38.000
                   54.000,    225.000
                   82.000,    167.000
                   49.000,    185.000
                   87.000,    185.000
                   87.000,    289.000
                  120.000,    234.000
                   46.000,    183.000
                   86.000,    177.000
