**************************************************
*            H E D A C   s e a r c h             *
**************************************************
Started on: 2024-11-19 14:51:21.394856

Parameters:
         method: hedac
          x_min:      0.000
          x_max:    149.000
             dx:      1.000
          y_min:      0.000
          y_max:    307.000
             dy:      1.000

          alpha:      1.000
           beta:      0.500
          gamma:      0.100
          kappa:      0.000
             nu:      0.001
        sigma_m:      1.000
        sigma_c:      2.000
       sigma_ac:      0.100
         source:          difsource

         agents:         40
                  104.000,    284.000
                   79.000,    256.000
                   59.000,     43.000
                   92.000,    271.000
                   44.000,    131.000
                   82.000,    285.000
                   59.000,     35.000
                   63.000,     34.000
                   93.000,     52.000
                   93.000,    275.000
                   89.000,    286.000
                   50.000,    121.000
                   65.000,    196.000
                   88.000,    100.000
                   66.000,    151.000
                   81.000,    183.000
                   53.000,    210.000
                   92.000,     60.000
                  120.000,    249.000
                   96.000,     34.000
                   85.000,     97.000
                   50.000,    111.000
                   55.000,    238.000
                   80.000,    300.000
                   36.000,    170.000
                   66.000,    170.000
                   62.000,    200.000
                   72.000,     69.000
                   45.000,    180.000
                   94.000,     33.000
                   75.000,    290.000
                   65.000,     96.000
                   48.000,    204.000
                   71.000,    149.000
                   96.000,    283.000
                  102.000,     66.000
                   90.000,    267.000
                   58.000,     43.000
                   34.000,    190.000
                   83.000,     32.000
