**************************************************
*            H E D A C   s e a r c h             *
**************************************************
Started on: 2024-11-19 13:54:48.602056

Parameters:
         method: hedac
          x_min:      0.000
          x_max:    193.000
             dx:      1.000
          y_min:      0.000
          y_max:    226.000
             dy:      1.000

          alpha:      1.000
           beta:      0.500
          gamma:      0.100
          kappa:      0.000
             nu:      0.001
        sigma_m:      1.000
        sigma_c:      2.000
       sigma_ac:      0.100
         source:          difsource

         agents:         40
                   53.000,    213.000
                   90.000,    130.000
                  144.000,    148.000
                  101.000,     68.000
                   85.000,    143.000
                  123.000,    165.000
                   92.000,     85.000
                   78.000,    174.000
                  118.000,    132.000
                   59.000,    168.000
                  176.000,     62.000
                  159.000,     44.000
                   64.000,    180.000
                  145.000,     61.000
                   63.000,    174.000
                   71.000,    136.000
                  149.000,     54.000
                   91.000,     52.000
                  170.000,    112.000
                   54.000,    215.000
                   75.000,    108.000
                  114.000,      7.000
                  159.000,    184.000
                   54.000,    139.000
                  106.000,     95.000
                   52.000,    210.000
                   73.000,    143.000
                  158.000,    192.000
                   83.000,     52.000
                  175.000,    109.000
                   36.000,    199.000
                   48.000,    181.000
                  148.000,     57.000
                   51.000,    215.000
                   81.000,    149.000
                   67.000,    113.000
                   79.000,    169.000
                   88.000,    119.000
                   48.000,    205.000
                  149.000,    140.000
