**************************************************
*            H E D A C   s e a r c h             *
**************************************************
Started on: 2024-11-01 10:37:34.309965

Parameters:
         method: hedac
          x_min:      0.000
          x_max:    226.000
             dx:      1.000
          y_min:      0.000
          y_max:    315.000
             dy:      1.000

          alpha:      1.000
           beta:      0.500
          gamma:      0.100
          kappa:      0.000
             nu:      0.001
        sigma_m:      1.000
        sigma_c:      2.000
       sigma_ac:      0.100
         source:          difsource

         agents:         40
                  159.000,    147.000
                   14.000,    232.000
                   87.000,    195.000
                   18.000,    241.000
                  133.000,    112.000
                  175.000,    141.000
                  134.000,    104.000
                  156.000,    187.000
                  167.000,    196.000
                  164.000,    197.000
                   34.000,    214.000
                  138.000,    232.000
                  156.000,    216.000
                  168.000,    114.000
                  152.000,    146.000
                  145.000,    213.000
                   27.000,    230.000
                  114.000,    248.000
                  155.000,     41.000
                  117.000,    255.000
                  123.000,    187.000
                  142.000,     16.000
                  125.000,    237.000
                  135.000,     18.000
                  110.000,    277.000
                   88.000,    124.000
                   96.000,    201.000
                   33.000,    229.000
                  169.000,     73.000
                  182.000,    142.000
                  180.000,    104.000
                  126.000,    196.000
                  149.000,    109.000
                  147.000,    214.000
                  113.000,    256.000
                  154.000,    210.000
                  158.000,    209.000
                  104.000,    193.000
                  139.000,    178.000
                  170.000,    147.000
