**************************************************
*            H E D A C   s e a r c h             *
**************************************************
Started on: 2024-11-19 17:43:09.295611

Parameters:
         method: hedac
          x_min:      0.000
          x_max:    456.000
             dx:      1.000
          y_min:      0.000
          y_max:    478.000
             dy:      1.000

          alpha:      1.000
           beta:      0.500
          gamma:      0.100
          kappa:      0.000
             nu:      0.001
        sigma_m:      1.000
        sigma_c:      2.000
       sigma_ac:      0.100
         source:          difsource

         agents:         40
                  219.000,    450.000
                  113.000,    254.000
                  247.000,    188.000
                   69.000,    199.000
                   73.000,    183.000
                  345.000,     97.000
                  244.000,     34.000
                  121.000,    267.000
                  330.000,     60.000
                  169.000,    251.000
                  238.000,    110.000
                  144.000,     99.000
                   66.000,    147.000
                  148.000,    262.000
                   60.000,    212.000
                  264.000,    317.000
                  239.000,    302.000
                   42.000,     54.000
                  215.000,    174.000
                  102.000,     49.000
                  332.000,     69.000
                  201.000,    292.000
                   39.000,     28.000
                    8.000,     33.000
                  316.000,     59.000
                  426.000,    147.000
                   54.000,    170.000
                  212.000,    299.000
                  256.000,    246.000
                  215.000,    312.000
                   64.000,    107.000
                  255.000,     39.000
                   82.000,    200.000
                  101.000,    250.000
                   32.000,     52.000
                   63.000,    212.000
                  163.000,     98.000
                  163.000,    392.000
                  129.000,    262.000
                  237.000,    249.000
