**************************************************
*            H E D A C   s e a r c h             *
**************************************************
Started on: 2024-11-19 14:51:12.396420

Parameters:
         method: hedac
          x_min:      0.000
          x_max:    149.000
             dx:      1.000
          y_min:      0.000
          y_max:    307.000
             dy:      1.000

          alpha:      1.000
           beta:      0.500
          gamma:      0.100
          kappa:      0.000
             nu:      0.001
        sigma_m:      1.000
        sigma_c:      2.000
       sigma_ac:      0.100
         source:          difsource

         agents:         40
                   50.000,    194.000
                   89.000,    284.000
                   81.000,    294.000
                   60.000,    187.000
                   89.000,     43.000
                   63.000,     72.000
                   79.000,     20.000
                  112.000,    264.000
                   57.000,    198.000
                   62.000,    174.000
                   54.000,    209.000
                   91.000,     30.000
                   53.000,    154.000
                  113.000,     88.000
                  104.000,    281.000
                   67.000,     73.000
                   74.000,    288.000
                   78.000,    298.000
                   35.000,    192.000
                   87.000,    285.000
                   67.000,     80.000
                  112.000,    267.000
                  112.000,     87.000
                   79.000,    148.000
                   38.000,    175.000
                   84.000,    181.000
                   79.000,    307.000
                   78.000,    302.000
                   54.000,     36.000
                   46.000,    119.000
                   78.000,    147.000
                   61.000,     97.000
                   70.000,    248.000
                   84.000,    289.000
                   66.000,     73.000
                   51.000,    234.000
                   53.000,    123.000
                   43.000,    210.000
                   47.000,    210.000
                   77.000,    290.000
