**************************************************
*            H E D A C   s e a r c h             *
**************************************************
Started on: 2024-11-19 14:42:22.747760

Parameters:
         method: hedac
          x_min:      0.000
          x_max:    149.000
             dx:      1.000
          y_min:      0.000
          y_max:    307.000
             dy:      1.000

          alpha:      1.000
           beta:      0.500
          gamma:      0.100
          kappa:      0.000
             nu:      0.001
        sigma_m:      1.000
        sigma_c:      2.000
       sigma_ac:      0.100
         source:          difsource

         agents:         40
                   40.000,    175.000
                   80.000,    161.000
                   91.000,    271.000
                   68.000,    167.000
                   79.000,    241.000
                   80.000,    142.000
                   58.000,     53.000
                   72.000,    298.000
                   58.000,    200.000
                  100.000,     70.000
                   38.000,    177.000
                   46.000,    215.000
                   77.000,    155.000
                   71.000,    243.000
                   40.000,    129.000
                   43.000,    202.000
                   48.000,    215.000
                  126.000,    246.000
                   83.000,     36.000
                   89.000,    107.000
                   68.000,    153.000
                   40.000,    181.000
                   87.000,    270.000
                  111.000,    264.000
                  115.000,     74.000
                   99.000,    279.000
                   50.000,    164.000
                   40.000,    154.000
                   60.000,    191.000
                  103.000,     83.000
                   82.000,     19.000
                  116.000,    256.000
                   73.000,    187.000
                   56.000,    193.000
                  100.000,    283.000
                   42.000,    126.000
                   91.000,    105.000
                   66.000,    182.000
                   90.000,     97.000
                   35.000,    199.000
