**************************************************
*            H E D A C   s e a r c h             *
**************************************************
Started on: 2024-11-19 17:40:47.618192

Parameters:
         method: hedac
          x_min:      0.000
          x_max:    456.000
             dx:      1.000
          y_min:      0.000
          y_max:    478.000
             dy:      1.000

          alpha:      1.000
           beta:      0.500
          gamma:      0.100
          kappa:      0.000
             nu:      0.001
        sigma_m:      1.000
        sigma_c:      2.000
       sigma_ac:      0.100
         source:          difsource

         agents:         40
                  253.000,     35.000
                  420.000,    149.000
                   83.000,    252.000
                  185.000,    277.000
                  104.000,    261.000
                   54.000,     62.000
                  109.000,    272.000
                   60.000,    232.000
                  245.000,    178.000
                  257.000,    219.000
                  285.000,     43.000
                  151.000,    294.000
                  249.000,    308.000
                  185.000,     16.000
                  240.000,    191.000
                   32.000,     26.000
                  260.000,    267.000
                   98.000,    260.000
                  197.000,    280.000
                  181.000,     28.000
                  231.000,     16.000
                  146.000,    272.000
                  255.000,    121.000
                  132.000,    109.000
                  280.000,    307.000
                  126.000,    131.000
                  123.000,    241.000
                  216.000,     12.000
                  230.000,    304.000
                   67.000,    154.000
                  260.000,    301.000
                  119.000,     49.000
                   62.000,    169.000
                  123.000,    268.000
                    6.000,     40.000
                  174.000,    181.000
                  139.000,     96.000
                   70.000,    231.000
                  132.000,    280.000
                   44.000,     64.000
