**************************************************
*            H E D A C   s e a r c h             *
**************************************************
Started on: 2024-11-19 17:41:53.872310

Parameters:
         method: hedac
          x_min:      0.000
          x_max:    456.000
             dx:      1.000
          y_min:      0.000
          y_max:    478.000
             dy:      1.000

          alpha:      1.000
           beta:      0.500
          gamma:      0.100
          kappa:      0.000
             nu:      0.001
        sigma_m:      1.000
        sigma_c:      2.000
       sigma_ac:      0.100
         source:          difsource

         agents:         40
                   62.000,    134.000
                   64.000,     44.000
                   84.000,     57.000
                  427.000,    148.000
                  144.000,    245.000
                  253.000,    173.000
                  185.000,    419.000
                  182.000,    310.000
                   42.000,     32.000
                  257.000,    460.000
                  255.000,    136.000
                  326.000,     72.000
                  196.000,    202.000
                  165.000,    246.000
                  270.000,    305.000
                  104.000,    242.000
                  201.000,    297.000
                  180.000,    412.000
                   62.000,    132.000
                  126.000,    145.000
                   52.000,    233.000
                  153.000,    277.000
                  254.000,    213.000
                  137.000,    109.000
                  221.000,    312.000
                   56.000,    152.000
                  163.000,    384.000
                  277.000,    316.000
                  172.000,    406.000
                   67.000,     86.000
                   44.000,     37.000
                   43.000,     57.000
                  351.000,    108.000
                  230.000,    301.000
                  358.000,    120.000
                   74.000,     54.000
                  167.000,    322.000
                  206.000,    209.000
                  162.000,    276.000
                  114.000,    252.000
