**************************************************
*            H E D A C   s e a r c h             *
**************************************************
Started on: 2024-11-19 17:23:14.440544

Parameters:
         method: hedac
          x_min:      0.000
          x_max:    456.000
             dx:      1.000
          y_min:      0.000
          y_max:    478.000
             dy:      1.000

          alpha:      1.000
           beta:      0.500
          gamma:      0.100
          kappa:      0.000
             nu:      0.001
        sigma_m:      1.000
        sigma_c:      2.000
       sigma_ac:      0.100
         source:          difsource

         agents:         40
                  229.000,    457.000
                  129.000,    284.000
                  132.000,    122.000
                  166.000,    355.000
                   58.000,    141.000
                  196.000,    201.000
                   46.000,    229.000
                  254.000,    280.000
                   64.000,    126.000
                  122.000,    260.000
                  445.000,    171.000
                   68.000,    166.000
                  177.000,    296.000
                   13.000,     45.000
                  264.000,    470.000
                  421.000,    152.000
                  230.000,    454.000
                  126.000,    141.000
                  307.000,     42.000
                  210.000,    116.000
                  141.000,     97.000
                  282.000,     39.000
                   35.000,     28.000
                  252.000,    255.000
                  196.000,     11.000
                  130.000,    283.000
                  260.000,    120.000
                  170.000,     44.000
                   68.000,    175.000
                  176.000,    401.000
                  338.000,     79.000
                  173.000,    276.000
                  437.000,    158.000
                  199.000,    431.000
                  109.000,     46.000
                   62.000,    201.000
                  169.000,    307.000
                   77.000,    225.000
                  251.000,    207.000
                  205.000,      3.000
