**************************************************
*            H E D A C   s e a r c h             *
**************************************************
Started on: 2024-11-19 13:57:11.247267

Parameters:
         method: hedac
          x_min:      0.000
          x_max:    193.000
             dx:      1.000
          y_min:      0.000
          y_max:    226.000
             dy:      1.000

          alpha:      1.000
           beta:      0.500
          gamma:      0.100
          kappa:      0.000
             nu:      0.001
        sigma_m:      1.000
        sigma_c:      2.000
       sigma_ac:      0.100
         source:          difsource

         agents:         40
                  168.000,    120.000
                   54.000,    134.000
                   97.000,     88.000
                   84.000,    139.000
                   90.000,     85.000
                   88.000,    118.000
                  118.000,    190.000
                  154.000,    133.000
                  144.000,    142.000
                  149.000,    190.000
                   72.000,    193.000
                  156.000,    116.000
                  162.000,    180.000
                   57.000,    213.000
                   97.000,    177.000
                  156.000,    124.000
                   83.000,    177.000
                   25.000,    192.000
                  161.000,     44.000
                  157.000,     41.000
                  149.000,     47.000
                   21.000,    199.000
                  165.000,    118.000
                   84.000,    138.000
                   99.000,    147.000
                  157.000,     38.000
                   48.000,    173.000
                  125.000,     93.000
                  140.000,     25.000
                  117.000,    189.000
                  158.000,     47.000
                   55.000,    151.000
                  122.000,     11.000
                  155.000,    122.000
                   38.000,    198.000
                  102.000,     66.000
                  119.000,     97.000
                  164.000,     47.000
                  166.000,     43.000
                  155.000,    172.000
