**************************************************
*            H E D A C   s e a r c h             *
**************************************************
Started on: 2024-11-19 13:48:55.161647

Parameters:
         method: hedac
          x_min:      0.000
          x_max:    193.000
             dx:      1.000
          y_min:      0.000
          y_max:    226.000
             dy:      1.000

          alpha:      1.000
           beta:      0.500
          gamma:      0.100
          kappa:      0.000
             nu:      0.001
        sigma_m:      1.000
        sigma_c:      2.000
       sigma_ac:      0.100
         source:          difsource

         agents:         40
                   60.000,    174.000
                  127.000,     19.000
                  161.000,    125.000
                  155.000,     54.000
                   69.000,     87.000
                  186.000,     74.000
                   95.000,     76.000
                  161.000,    173.000
                  152.000,    124.000
                   40.000,    207.000
                  128.000,    171.000
                   24.000,    197.000
                   58.000,    148.000
                   63.000,    215.000
                   21.000,    206.000
                   98.000,    151.000
                   21.000,    198.000
                  145.000,     61.000
                  129.000,     79.000
                  147.000,     56.000
                  108.000,     95.000
                   18.000,    205.000
                   82.000,    147.000
                  164.000,    121.000
                   80.000,    171.000
                  151.000,    108.000
                  124.000,    194.000
                   65.000,    134.000
                   61.000,    215.000
                   61.000,    218.000
                   62.000,    136.000
                   86.000,    180.000
                   97.000,    125.000
                   95.000,    135.000
                  156.000,    195.000
                   24.000,    201.000
                   93.000,     77.000
                  119.000,      0.000
                   63.000,    216.000
                  103.000,     91.000
