           t           E1           E2           E3           E4
0.000000e+00 2.204454e-02 4.859619e-04 7.390342e+02 7.654891e+01
1.000000e+00 2.149782e-02 4.621561e-04 7.257253e+02 7.143625e+01
2.000000e+00 2.073157e-02 4.297981e-04 7.110975e+02 6.652872e+01
3.000000e+00 1.979414e-02 3.918082e-04 6.958672e+02 6.165067e+01
4.000000e+00 1.874823e-02 3.514959e-04 6.802273e+02 5.609827e+01
5.000000e+00 1.765257e-02 3.116133e-04 6.642174e+02 5.171414e+01
6.000000e+00 1.655848e-02 2.741833e-04 6.486197e+02 4.631872e+01
7.000000e+00 1.552800e-02 2.411186e-04 6.340369e+02 4.158447e+01
8.000000e+00 1.461053e-02 2.134676e-04 6.203118e+02 3.714470e+01
9.000000e+00 1.381377e-02 1.908202e-04 6.073282e+02 3.303831e+01
1.000000e+01 1.311273e-02 1.719437e-04 5.949834e+02 2.969678e+01
1.100000e+01 1.248792e-02 1.559482e-04 5.828370e+02 2.679202e+01
1.200000e+01 1.192295e-02 1.421568e-04 5.708981e+02 2.431207e+01
1.300000e+01 1.140685e-02 1.301162e-04 5.594012e+02 2.239387e+01
1.400000e+01 1.093595e-02 1.195949e-04 5.484611e+02 2.210086e+01
1.500000e+01 1.050906e-02 1.104403e-04 5.380889e+02 2.217226e+01
1.600000e+01 1.012143e-02 1.024434e-04 5.282616e+02 2.315994e+01
1.700000e+01 9.764415e-03 9.534381e-05 5.189019e+02 2.423413e+01
1.800000e+01 9.430197e-03 8.892861e-05 5.097790e+02 2.457566e+01
1.900000e+01 9.110146e-03 8.299477e-05 5.008645e+02 2.412317e+01
2.000000e+01 8.800526e-03 7.744926e-05 4.922021e+02 2.340160e+01
2.100000e+01 8.502551e-03 7.229338e-05 4.837068e+02 2.269714e+01
2.200000e+01 8.217107e-03 6.752084e-05 4.753181e+02 2.165387e+01
2.300000e+01 7.945291e-03 6.312765e-05 4.670393e+02 2.054033e+01
2.400000e+01 7.690092e-03 5.913751e-05 4.589726e+02 1.955040e+01
2.500000e+01 7.455922e-03 5.559077e-05 4.511631e+02 1.853691e+01
2.600000e+01 7.247090e-03 5.252031e-05 4.436283e+02 1.756942e+01
2.700000e+01 7.066158e-03 4.993059e-05 4.364378e+02 1.666560e+01
2.800000e+01 6.913720e-03 4.779953e-05 4.295233e+02 1.582446e+01
2.900000e+01 6.791345e-03 4.612237e-05 4.228056e+02 1.504065e+01
3.000000e+01 6.696977e-03 4.484950e-05 4.162376e+02 1.430865e+01
3.100000e+01 6.625098e-03 4.389192e-05 4.099035e+02 1.362350e+01
3.200000e+01 6.572138e-03 4.319300e-05 4.038443e+02 1.355347e+01
3.300000e+01 6.535394e-03 4.271138e-05 3.979342e+02 1.334878e+01
3.400000e+01 6.507195e-03 4.234358e-05 3.920574e+02 1.291356e+01
3.500000e+01 6.479684e-03 4.198631e-05 3.862054e+02 1.239527e+01
3.600000e+01 6.446447e-03 4.155668e-05 3.804067e+02 1.219485e+01
3.700000e+01 6.404407e-03 4.101643e-05 3.746709e+02 1.300980e+01
3.800000e+01 6.355053e-03 4.038669e-05 3.690284e+02 1.339919e+01
3.900000e+01 6.302655e-03 3.972346e-05 3.635250e+02 1.339775e+01
4.000000e+01 6.247788e-03 3.903486e-05 3.581618e+02 1.330501e+01
4.100000e+01 6.189931e-03 3.831525e-05 3.529072e+02 1.321261e+01
4.200000e+01 6.127256e-03 3.754326e-05 3.477163e+02 1.301412e+01
4.300000e+01 6.058282e-03 3.670278e-05 3.425724e+02 1.265074e+01
4.400000e+01 5.985218e-03 3.582284e-05 3.374805e+02 1.222699e+01
4.500000e+01 5.911625e-03 3.494732e-05 3.324530e+02 1.179547e+01
4.600000e+01 5.839223e-03 3.409652e-05 3.275181e+02 1.151149e+01
4.700000e+01 5.768740e-03 3.327837e-05 3.227114e+02 1.125971e+01
4.800000e+01 5.700295e-03 3.249336e-05 3.180785e+02 1.103073e+01
4.900000e+01 5.634084e-03 3.174290e-05 3.137136e+02 1.097712e+01
5.000000e+01 5.569630e-03 3.102078e-05 3.096726e+02 1.092233e+01
5.100000e+01 5.506661e-03 3.032332e-05 3.060576e+02 1.073159e+01
5.200000e+01 5.444357e-03 2.964102e-05 3.028943e+02 1.046645e+01
5.300000e+01 5.382407e-03 2.897030e-05 3.001508e+02 1.017892e+01
5.400000e+01 5.320513e-03 2.830785e-05 2.978082e+02 9.892028e+00
5.500000e+01 5.258654e-03 2.765344e-05 2.958382e+02 9.613055e+00
5.600000e+01 5.198220e-03 2.702149e-05 2.942416e+02 9.343503e+00
5.700000e+01 5.139701e-03 2.641653e-05 2.930483e+02 9.083286e+00
5.800000e+01 5.082197e-03 2.582873e-05 2.922619e+02 8.831993e+00
5.900000e+01 5.025769e-03 2.525835e-05 2.918461e+02 8.670831e+00
6.000000e+01 4.972489e-03 2.472564e-05 2.918066e+02 8.486578e+00
6.100000e+01 4.923677e-03 2.424259e-05 2.921126e+02 8.127400e+00
6.200000e+01 4.878945e-03 2.380411e-05 2.927098e+02 7.907724e+00
6.300000e+01 4.837525e-03 2.340165e-05 2.935408e+02 7.695110e+00
6.400000e+01 4.800066e-03 2.304064e-05 2.945575e+02 7.489245e+00
6.500000e+01 4.767759e-03 2.273153e-05 2.956941e+02 7.499079e+00
6.600000e+01 4.740697e-03 2.247421e-05 2.969057e+02 7.530500e+00
6.700000e+01 4.717135e-03 2.225137e-05 2.982129e+02 7.560986e+00
6.800000e+01 4.695506e-03 2.204778e-05 2.996227e+02 7.590578e+00
6.900000e+01 4.674875e-03 2.185446e-05 3.011174e+02 7.912939e+00
7.000000e+01 4.654861e-03 2.166773e-05 3.026902e+02 8.306563e+00
7.100000e+01 4.635430e-03 2.148721e-05 3.043625e+02 8.566339e+00
7.200000e+01 4.616686e-03 2.131379e-05 3.061713e+02 8.604688e+00
7.300000e+01 4.599280e-03 2.115337e-05 3.081164e+02 8.609154e+00
7.400000e+01 4.582859e-03 2.100260e-05 3.101546e+02 8.703460e+00
7.500000e+01 4.567116e-03 2.085855e-05 3.122512e+02 8.650754e+00
7.600000e+01 4.552934e-03 2.072921e-05 3.144031e+02 8.508799e+00
7.700000e+01 4.541243e-03 2.062289e-05 3.166258e+02 8.330741e+00
7.800000e+01 4.532959e-03 2.054772e-05 3.189117e+02 8.144025e+00
7.900000e+01 4.526331e-03 2.048767e-05 3.212602e+02 7.963015e+00
8.000000e+01 4.519000e-03 2.042136e-05 3.236615e+02 7.888153e+00
8.100000e+01 4.508819e-03 2.032945e-05 3.261015e+02 7.908983e+00
8.200000e+01 4.493968e-03 2.019575e-05 3.285729e+02 7.929307e+00
8.300000e+01 4.473477e-03 2.001200e-05 3.310564e+02 7.949143e+00
8.400000e+01 4.447537e-03 1.978059e-05 3.335272e+02 7.968508e+00
8.500000e+01 4.417026e-03 1.951012e-05 3.359892e+02 7.987419e+00
8.600000e+01 4.382373e-03 1.920519e-05 3.384488e+02 8.005891e+00
8.700000e+01 4.344573e-03 1.887531e-05 3.409255e+02 8.023939e+00
8.800000e+01 4.305345e-03 1.853600e-05 3.434433e+02 8.041579e+00
8.900000e+01 4.266290e-03 1.820123e-05 3.460382e+02 8.058818e+00
9.000000e+01 4.228358e-03 1.787901e-05 3.487746e+02 8.075639e+00
9.100000e+01 4.192566e-03 1.757761e-05 3.517095e+02 8.091825e+00
9.200000e+01 4.159637e-03 1.730258e-05 3.548539e+02 8.106173e+00
9.300000e+01 4.130208e-03 1.705862e-05 3.581881e+02 8.113800e+00
9.400000e+01 4.104663e-03 1.684826e-05 3.616964e+02 8.100114e+00
9.500000e+01 4.082736e-03 1.666873e-05 3.653250e+02 8.033861e+00
9.600000e+01 4.064087e-03 1.651680e-05 3.691112e+02 7.870790e+00
9.700000e+01 4.047054e-03 1.637865e-05 3.730839e+02 7.581103e+00
9.800000e+01 4.029284e-03 1.623513e-05 3.772620e+02 7.244793e+00
9.900000e+01 4.009057e-03 1.607253e-05 3.816479e+02 6.861694e+00
1.000000e+02 3.985477e-03 1.588402e-05 3.862224e+02 6.487749e+00
1.010000e+02 3.959008e-03 1.567374e-05 3.909983e+02 6.361892e+00
1.020000e+02 3.930884e-03 1.545185e-05 3.959825e+02 6.394771e+00
1.030000e+02 3.902271e-03 1.522772e-05 4.011783e+02 6.425085e+00
1.040000e+02 3.874172e-03 1.500921e-05 4.065923e+02 6.378491e+00
1.050000e+02 3.847212e-03 1.480104e-05 4.122557e+02 6.383813e+00
1.060000e+02 3.822586e-03 1.461216e-05 4.181167e+02 6.389036e+00
1.070000e+02 3.801663e-03 1.445265e-05 4.241671e+02 6.394161e+00
1.080000e+02 3.784358e-03 1.432137e-05 4.303801e+02 6.399191e+00
1.090000e+02 3.769958e-03 1.421258e-05 4.367211e+02 6.404129e+00
1.100000e+02 3.757774e-03 1.412087e-05 4.431921e+02 6.408978e+00
1.110000e+02 3.747452e-03 1.404339e-05 4.497557e+02 6.413739e+00
1.120000e+02 3.738094e-03 1.397335e-05 4.563549e+02 6.418416e+00
1.130000e+02 3.728764e-03 1.390368e-05 4.629649e+02 6.423010e+00
1.140000e+02 3.718911e-03 1.383030e-05 4.695909e+02 6.427523e+00
1.150000e+02 3.707895e-03 1.374849e-05 4.762843e+02 6.431955e+00
1.160000e+02 3.695648e-03 1.365782e-05 4.830406e+02 6.436280e+00
1.170000e+02 3.682682e-03 1.356214e-05 4.898821e+02 6.440315e+00
1.180000e+02 3.668740e-03 1.345965e-05 4.968200e+02 6.443076e+00
1.190000e+02 3.654693e-03 1.335678e-05 5.038821e+02 6.440618e+00
1.200000e+02 3.640774e-03 1.325524e-05 5.110483e+02 6.421191e+00
1.210000e+02 3.626526e-03 1.315169e-05 5.183004e+02 6.359799e+00
1.220000e+02 3.612132e-03 1.304749e-05 5.255894e+02 6.267909e+00
1.230000e+02 3.598534e-03 1.294945e-05 5.329026e+02 6.104322e+00
1.240000e+02 3.586753e-03 1.286480e-05 5.402441e+02 5.877887e+00
1.250000e+02 3.577892e-03 1.280131e-05 5.476293e+02 5.586239e+00
1.260000e+02 3.571906e-03 1.275851e-05 5.550597e+02 5.321007e+00
1.270000e+02 3.568014e-03 1.273072e-05 5.625289e+02 5.040960e+00
1.280000e+02 3.565536e-03 1.271305e-05 5.700252e+02 4.854185e+00
1.290000e+02 3.563756e-03 1.270036e-05 5.775004e+02 4.987962e+00
1.300000e+02 3.562088e-03 1.268847e-05 5.849796e+02 5.238801e+00
1.310000e+02 3.560000e-03 1.267360e-05 5.924656e+02 5.485967e+00
1.320000e+02 3.556955e-03 1.265193e-05 5.999735e+02 5.651423e+00
1.330000e+02 3.552904e-03 1.262313e-05 6.075060e+02 5.721772e+00
1.340000e+02 3.548421e-03 1.259129e-05 6.150811e+02 5.742983e+00
1.350000e+02 3.544239e-03 1.256163e-05 6.227009e+02 5.746654e+00
1.360000e+02 3.540835e-03 1.253752e-05 6.303166e+02 5.715774e+00
1.370000e+02 3.538181e-03 1.251873e-05 6.379276e+02 5.672007e+00
1.380000e+02 3.536053e-03 1.250367e-05 6.455590e+02 5.624913e+00
1.390000e+02 3.534517e-03 1.249281e-05 6.531975e+02 5.577584e+00
1.400000e+02 3.533349e-03 1.248456e-05 6.608431e+02 5.530765e+00
1.410000e+02 3.532074e-03 1.247555e-05 6.684933e+02 5.484585e+00
1.420000e+02 3.530321e-03 1.246316e-05 6.761398e+02 5.439052e+00
1.430000e+02 3.528018e-03 1.244691e-05 6.837195e+02 5.394154e+00
1.440000e+02 3.525108e-03 1.242639e-05 6.911630e+02 5.349879e+00
1.450000e+02 3.521726e-03 1.240255e-05 6.984500e+02 5.306213e+00
1.460000e+02 3.518669e-03 1.238103e-05 7.055704e+02 5.263145e+00
1.470000e+02 3.517185e-03 1.237059e-05 7.125072e+02 5.220661e+00
1.480000e+02 3.517631e-03 1.237373e-05 7.192361e+02 5.178751e+00
1.490000e+02 3.519745e-03 1.238861e-05 7.257584e+02 5.137403e+00
1.500000e+02 3.523520e-03 1.241519e-05 7.320741e+02 5.162372e+00
1.510000e+02 3.528247e-03 1.244853e-05 7.381324e+02 5.190280e+00
1.520000e+02 3.532946e-03 1.248171e-05 7.439495e+02 5.217821e+00
1.530000e+02 3.537468e-03 1.251368e-05 7.495589e+02 5.245003e+00
1.540000e+02 3.541950e-03 1.254541e-05 7.549663e+02 5.271833e+00
1.550000e+02 3.546331e-03 1.257647e-05 7.601593e+02 5.298316e+00
1.560000e+02 3.550563e-03 1.260650e-05 7.651131e+02 5.324461e+00
1.570000e+02 3.554559e-03 1.263489e-05 7.698330e+02 5.350273e+00
1.580000e+02 3.557960e-03 1.265908e-05 7.743059e+02 5.375759e+00
1.590000e+02 3.560149e-03 1.267466e-05 7.785345e+02 5.400925e+00
1.600000e+02 3.560517e-03 1.267728e-05 7.825450e+02 5.425777e+00
1.610000e+02 3.559112e-03 1.266728e-05 7.863347e+02 5.450320e+00
1.620000e+02 3.556640e-03 1.264969e-05 7.899126e+02 5.474561e+00
1.630000e+02 3.553972e-03 1.263072e-05 7.932554e+02 5.498505e+00
1.640000e+02 3.551930e-03 1.261621e-05 7.963717e+02 5.522157e+00
1.650000e+02 3.550616e-03 1.260687e-05 7.992399e+02 5.545523e+00
1.660000e+02 3.549526e-03 1.259914e-05 8.018306e+02 5.568608e+00
1.670000e+02 3.548212e-03 1.258981e-05 8.041473e+02 5.591416e+00
1.680000e+02 3.546318e-03 1.257637e-05 8.061975e+02 5.613951e+00
1.690000e+02 3.543687e-03 1.255772e-05 8.080191e+02 5.636214e+00
1.700000e+02 3.540091e-03 1.253224e-05 8.095866e+02 5.658216e+00
1.710000e+02 3.535620e-03 1.250061e-05 8.109609e+02 5.679962e+00
1.720000e+02 3.530262e-03 1.246275e-05 8.121208e+02 5.701456e+00
1.730000e+02 3.524130e-03 1.241949e-05 8.130710e+02 5.722703e+00
1.740000e+02 3.517185e-03 1.237059e-05 8.138742e+02 5.743707e+00
1.750000e+02 3.509140e-03 1.231406e-05 8.145405e+02 5.764473e+00
1.760000e+02 3.500259e-03 1.225181e-05 8.150874e+02 5.785003e+00
1.770000e+02 3.490901e-03 1.218639e-05 8.155371e+02 5.805304e+00
1.780000e+02 3.481415e-03 1.212025e-05 8.158863e+02 5.825673e+00
1.790000e+02 3.472110e-03 1.205555e-05 8.161259e+02 5.848305e+00
1.800000e+02 3.463473e-03 1.199564e-05 8.162550e+02 5.870686e+00
1.810000e+02 3.455779e-03 1.194241e-05 8.162508e+02 5.892817e+00
1.820000e+02 3.448714e-03 1.189363e-05 8.161487e+02 5.914706e+00
1.830000e+02 3.441553e-03 1.184429e-05 8.159561e+02 5.936357e+00
1.840000e+02 3.433639e-03 1.178988e-05 8.157036e+02 5.957774e+00
1.850000e+02 3.424608e-03 1.172794e-05 8.153871e+02 5.978960e+00
1.860000e+02 3.414562e-03 1.165923e-05 8.150470e+02 5.999919e+00
1.870000e+02 3.403786e-03 1.158576e-05 8.147103e+02 6.020654e+00
1.880000e+02 3.392686e-03 1.151032e-05 8.144297e+02 6.041169e+00
1.890000e+02 3.381581e-03 1.143509e-05 8.142270e+02 6.061467e+00
1.900000e+02 3.370606e-03 1.136099e-05 8.141034e+02 6.081551e+00
1.910000e+02 3.359844e-03 1.128855e-05 8.140730e+02 6.101426e+00
1.920000e+02 3.349285e-03 1.121771e-05 8.141443e+02 6.121093e+00
1.930000e+02 3.338853e-03 1.114794e-05 8.143295e+02 6.140557e+00
1.940000e+02 3.328427e-03 1.107843e-05 8.146368e+02 6.159821e+00
1.950000e+02 3.318051e-03 1.100946e-05 8.150576e+02 6.178887e+00
1.960000e+02 3.307853e-03 1.094189e-05 8.155660e+02 6.197760e+00
1.970000e+02 3.297981e-03 1.087668e-05 8.161133e+02 6.216440e+00
1.980000e+02 3.288495e-03 1.081420e-05 8.166893e+02 6.234932e+00
1.990000e+02 3.279944e-03 1.075803e-05 8.172952e+02 6.253239e+00
