**************************************************
*            H E D A C   s e a r c h             *
**************************************************
Started on: 2024-11-19 13:53:57.490904

Parameters:
         method: hedac
          x_min:      0.000
          x_max:    193.000
             dx:      1.000
          y_min:      0.000
          y_max:    226.000
             dy:      1.000

          alpha:      1.000
           beta:      0.500
          gamma:      0.100
          kappa:      0.000
             nu:      0.001
        sigma_m:      1.000
        sigma_c:      2.000
       sigma_ac:      0.100
         source:          difsource

         agents:         40
                   90.000,    128.000
                  112.000,    184.000
                   55.000,    152.000
                   54.000,    160.000
                  144.000,    153.000
                   60.000,    169.000
                  168.000,    109.000
                   43.000,    189.000
                  170.000,    196.000
                  127.000,     74.000
                   61.000,    183.000
                   87.000,    175.000
                   46.000,    173.000
                   39.000,    206.000
                   92.000,    134.000
                   33.000,    190.000
                  115.000,    129.000
                  185.000,     70.000
                  102.000,    147.000
                  161.000,    130.000
                   59.000,    169.000
                  162.000,    123.000
                  130.000,    164.000
                  127.000,     14.000
                  126.000,    131.000
                   82.000,    114.000
                  121.000,    165.000
                   46.000,    203.000
                  145.000,     31.000
                   92.000,     87.000
                   57.000,    151.000
                  106.000,    129.000
                   56.000,    212.000
                   81.000,     84.000
                  162.000,    125.000
                   95.000,     76.000
                  139.000,    136.000
                  173.000,     56.000
                  116.000,    174.000
                  127.000,     17.000
