           t           E1           E2           E3           E4
0.000000e+00 2.167450e-02 4.697841e-04 1.049679e+04 2.172870e+02
1.000000e+00 2.141796e-02 4.587289e-04 1.045364e+04 2.145979e+02
2.000000e+00 2.098017e-02 4.401676e-04 1.042025e+04 2.052145e+02
3.000000e+00 2.039126e-02 4.158037e-04 1.039008e+04 2.030392e+02
4.000000e+00 1.969245e-02 3.877927e-04 1.036043e+04 1.936286e+02
5.000000e+00 1.892944e-02 3.583236e-04 1.033172e+04 1.772973e+02
6.000000e+00 1.813759e-02 3.289722e-04 1.030375e+04 1.653486e+02
7.000000e+00 1.735019e-02 3.010293e-04 1.027679e+04 1.500725e+02
8.000000e+00 1.658750e-02 2.751453e-04 1.025045e+04 1.415904e+02
9.000000e+00 1.586679e-02 2.517549e-04 1.022467e+04 1.305013e+02
1.000000e+01 1.520168e-02 2.310911e-04 1.020012e+04 1.230659e+02
1.100000e+01 1.460366e-02 2.132668e-04 1.017711e+04 1.183874e+02
1.200000e+01 1.406220e-02 1.977455e-04 1.015488e+04 1.143426e+02
1.300000e+01 1.356350e-02 1.839686e-04 1.013219e+04 1.116413e+02
1.400000e+01 1.309777e-02 1.715516e-04 1.010872e+04 1.075554e+02
1.500000e+01 1.266276e-02 1.603456e-04 1.008469e+04 1.063955e+02
1.600000e+01 1.226280e-02 1.503761e-04 1.006008e+04 1.022632e+02
1.700000e+01 1.190008e-02 1.416120e-04 1.003516e+04 9.687036e+01
1.800000e+01 1.156929e-02 1.338486e-04 1.000903e+04 9.309148e+01
1.900000e+01 1.125943e-02 1.267747e-04 9.982507e+03 8.895501e+01
2.000000e+01 1.096195e-02 1.201644e-04 9.956812e+03 8.561336e+01
2.100000e+01 1.067552e-02 1.139667e-04 9.932863e+03 8.252209e+01
2.200000e+01 1.040470e-02 1.082579e-04 9.910777e+03 7.879804e+01
2.300000e+01 1.015742e-02 1.031733e-04 9.889959e+03 7.507406e+01
2.400000e+01 9.935876e-03 9.872164e-05 9.869867e+03 7.183186e+01
2.500000e+01 9.738843e-03 9.484507e-05 9.849689e+03 6.871166e+01
2.600000e+01 9.562647e-03 9.144421e-05 9.829820e+03 6.571947e+01
2.700000e+01 9.406367e-03 8.847974e-05 9.811210e+03 6.292860e+01
2.800000e+01 9.267114e-03 8.587941e-05 9.793919e+03 6.034651e+01
2.900000e+01 9.143117e-03 8.359659e-05 9.777698e+03 6.133572e+01
3.000000e+01 9.030597e-03 8.155169e-05 9.762109e+03 6.543870e+01
3.100000e+01 8.926254e-03 7.967802e-05 9.747137e+03 6.670474e+01
3.200000e+01 8.825617e-03 7.789152e-05 9.732780e+03 6.965365e+01
3.300000e+01 8.723404e-03 7.609777e-05 9.719210e+03 7.116964e+01
3.400000e+01 8.616293e-03 7.424050e-05 9.706721e+03 7.136279e+01
3.500000e+01 8.503189e-03 7.230423e-05 9.695431e+03 7.136599e+01
3.600000e+01 8.385421e-03 7.031528e-05 9.685071e+03 7.036033e+01
3.700000e+01 8.264536e-03 6.830256e-05 9.675535e+03 6.871758e+01
3.800000e+01 8.142759e-03 6.630453e-05 9.666790e+03 6.680478e+01
3.900000e+01 8.022877e-03 6.436655e-05 9.658839e+03 6.486833e+01
4.000000e+01 7.907656e-03 6.253103e-05 9.651723e+03 6.299358e+01
4.100000e+01 7.799788e-03 6.083669e-05 9.645642e+03 6.119994e+01
4.200000e+01 7.698572e-03 5.926800e-05 9.640686e+03 5.948968e+01
4.300000e+01 7.603129e-03 5.780757e-05 9.636683e+03 5.785864e+01
4.400000e+01 7.511025e-03 5.641550e-05 9.633847e+03 5.630130e+01
4.500000e+01 7.420315e-03 5.506108e-05 9.632406e+03 5.481274e+01
4.600000e+01 7.330854e-03 5.374142e-05 9.632310e+03 5.338861e+01
4.700000e+01 7.243858e-03 5.247347e-05 9.633368e+03 5.202506e+01
4.800000e+01 7.160789e-03 5.127690e-05 9.635371e+03 5.071840e+01
4.900000e+01 7.080886e-03 5.013895e-05 9.638365e+03 4.946503e+01
5.000000e+01 7.003992e-03 4.905590e-05 9.642754e+03 4.826155e+01
5.100000e+01 6.928319e-03 4.800160e-05 9.648580e+03 4.805546e+01
5.200000e+01 6.852098e-03 4.695124e-05 9.655666e+03 4.750817e+01
5.300000e+01 6.774779e-03 4.589763e-05 9.663861e+03 4.683258e+01
5.400000e+01 6.697072e-03 4.485077e-05 9.673021e+03 4.595290e+01
5.500000e+01 6.619520e-03 4.381804e-05 9.682950e+03 4.499434e+01
5.600000e+01 6.542007e-03 4.279785e-05 9.693656e+03 4.404101e+01
5.700000e+01 6.464157e-03 4.178533e-05 9.705025e+03 4.311423e+01
5.800000e+01 6.386516e-03 4.078759e-05 9.716970e+03 4.221797e+01
5.900000e+01 6.309476e-03 3.980949e-05 9.729292e+03 4.135177e+01
6.000000e+01 6.233432e-03 3.885567e-05 9.741708e+03 4.051431e+01
6.100000e+01 6.158910e-03 3.793217e-05 9.754079e+03 3.970422e+01
6.200000e+01 6.086114e-03 3.704078e-05 9.766316e+03 3.953461e+01
6.300000e+01 6.015467e-03 3.618584e-05 9.778264e+03 3.904292e+01
6.400000e+01 5.948167e-03 3.538069e-05 9.789895e+03 3.841973e+01
6.500000e+01 5.884986e-03 3.463306e-05 9.801343e+03 3.777964e+01
6.600000e+01 5.825634e-03 3.393801e-05 9.812888e+03 3.714257e+01
6.700000e+01 5.768887e-03 3.328005e-05 9.824448e+03 3.716558e+01
6.800000e+01 5.713091e-03 3.263941e-05 9.835945e+03 3.683618e+01
6.900000e+01 5.657085e-03 3.200261e-05 9.847442e+03 3.651667e+01
7.000000e+01 5.600713e-03 3.136799e-05 9.858953e+03 3.596964e+01
7.100000e+01 5.545414e-03 3.075162e-05 9.870769e+03 3.536127e+01
7.200000e+01 5.492041e-03 3.016251e-05 9.882895e+03 3.473984e+01
7.300000e+01 5.441013e-03 2.960462e-05 9.895301e+03 3.412687e+01
7.400000e+01 5.392396e-03 2.907794e-05 9.907934e+03 3.352771e+01
7.500000e+01 5.345805e-03 2.857763e-05 9.920747e+03 3.294381e+01
7.600000e+01 5.301312e-03 2.810391e-05 9.933757e+03 3.237531e+01
7.700000e+01 5.259244e-03 2.765965e-05 9.946937e+03 3.182122e+01
7.800000e+01 5.219173e-03 2.723977e-05 9.960141e+03 3.128112e+01
7.900000e+01 5.180812e-03 2.684081e-05 9.973429e+03 3.075464e+01
8.000000e+01 5.143319e-03 2.645373e-05 9.986713e+03 3.024129e+01
8.100000e+01 5.105717e-03 2.606835e-05 9.999889e+03 2.974058e+01
8.200000e+01 5.067733e-03 2.568192e-05 1.001286e+04 2.925205e+01
8.300000e+01 5.029314e-03 2.529400e-05 1.002557e+04 2.877527e+01
8.400000e+01 4.990617e-03 2.490626e-05 1.003792e+04 2.830982e+01
8.500000e+01 4.952045e-03 2.452275e-05 1.004992e+04 2.785529e+01
8.600000e+01 4.913708e-03 2.414452e-05 1.006157e+04 2.741131e+01
8.700000e+01 4.875286e-03 2.376842e-05 1.007274e+04 2.703019e+01
8.800000e+01 4.836772e-03 2.339436e-05 1.008330e+04 2.824249e+01
8.900000e+01 4.798110e-03 2.302186e-05 1.009328e+04 3.002893e+01
9.000000e+01 4.759858e-03 2.265625e-05 1.010250e+04 3.188438e+01
9.100000e+01 4.722760e-03 2.230447e-05 1.011090e+04 3.374637e+01
9.200000e+01 4.687639e-03 2.197396e-05 1.011862e+04 3.566209e+01
9.300000e+01 4.655042e-03 2.166942e-05 1.012588e+04 3.739651e+01
9.400000e+01 4.625660e-03 2.139673e-05 1.013292e+04 3.906626e+01
9.500000e+01 4.598974e-03 2.115056e-05 1.013984e+04 4.061975e+01
9.600000e+01 4.574236e-03 2.092364e-05 1.014655e+04 4.194484e+01
9.700000e+01 4.550726e-03 2.070911e-05 1.015291e+04 4.275028e+01
9.800000e+01 4.527399e-03 2.049734e-05 1.015871e+04 4.295705e+01
9.900000e+01 4.503464e-03 2.028119e-05 1.016396e+04 4.280633e+01
1.000000e+02 4.478375e-03 2.005584e-05 1.016881e+04 4.247609e+01
1.010000e+02 4.452230e-03 1.982236e-05 1.017339e+04 4.208409e+01
1.020000e+02 4.425605e-03 1.958598e-05 1.017788e+04 4.167900e+01
1.030000e+02 4.398909e-03 1.935040e-05 1.018237e+04 4.127601e+01
1.040000e+02 4.372635e-03 1.911994e-05 1.018673e+04 4.087915e+01
1.050000e+02 4.346997e-03 1.889639e-05 1.019094e+04 4.048953e+01
1.060000e+02 4.321674e-03 1.867687e-05 1.019509e+04 4.010722e+01
1.070000e+02 4.296755e-03 1.846210e-05 1.019915e+04 3.973203e+01
1.080000e+02 4.272417e-03 1.825355e-05 1.020318e+04 3.936377e+01
1.090000e+02 4.248777e-03 1.805211e-05 1.020709e+04 3.900226e+01
1.100000e+02 4.226068e-03 1.785965e-05 1.021081e+04 3.864731e+01
1.110000e+02 4.204181e-03 1.767514e-05 1.021417e+04 3.829875e+01
1.120000e+02 4.182971e-03 1.749725e-05 1.021694e+04 3.795640e+01
1.130000e+02 4.162522e-03 1.732659e-05 1.021904e+04 3.762010e+01
1.140000e+02 4.143279e-03 1.716676e-05 1.022043e+04 3.728969e+01
1.150000e+02 4.124824e-03 1.701417e-05 1.022106e+04 3.696501e+01
1.160000e+02 4.106452e-03 1.686295e-05 1.022109e+04 3.664593e+01
1.170000e+02 4.088076e-03 1.671236e-05 1.022057e+04 3.633231e+01
1.180000e+02 4.069769e-03 1.656302e-05 1.021950e+04 3.602407e+01
1.190000e+02 4.051840e-03 1.641741e-05 1.021792e+04 3.572120e+01
1.200000e+02 4.034919e-03 1.628057e-05 1.021560e+04 3.542384e+01
1.210000e+02 4.019371e-03 1.615534e-05 1.021257e+04 3.513192e+01
1.220000e+02 4.005568e-03 1.604457e-05 1.020915e+04 3.484442e+01
1.230000e+02 3.993196e-03 1.594562e-05 1.020539e+04 3.456112e+01
1.240000e+02 3.981642e-03 1.585347e-05 1.020122e+04 3.428231e+01
1.250000e+02 3.970293e-03 1.576323e-05 1.019667e+04 3.400792e+01
1.260000e+02 3.958460e-03 1.566941e-05 1.019162e+04 3.373806e+01
1.270000e+02 3.946105e-03 1.557175e-05 1.018597e+04 3.347239e+01
1.280000e+02 3.933501e-03 1.547243e-05 1.017971e+04 3.321089e+01
1.290000e+02 3.921061e-03 1.537472e-05 1.017283e+04 3.295363e+01
1.300000e+02 3.909387e-03 1.528330e-05 1.016566e+04 3.270024e+01
1.310000e+02 3.898693e-03 1.519981e-05 1.015838e+04 3.245054e+01
1.320000e+02 3.888613e-03 1.512131e-05 1.015112e+04 3.220449e+01
1.330000e+02 3.878745e-03 1.504466e-05 1.014390e+04 3.196208e+01
1.340000e+02 3.868560e-03 1.496576e-05 1.013671e+04 3.172326e+01
1.350000e+02 3.857724e-03 1.488203e-05 1.012942e+04 3.148796e+01
1.360000e+02 3.846262e-03 1.479373e-05 1.012191e+04 3.125610e+01
1.370000e+02 3.834766e-03 1.470543e-05 1.011400e+04 3.102759e+01
1.380000e+02 3.823438e-03 1.461867e-05 1.010576e+04 3.080234e+01
1.390000e+02 3.812302e-03 1.453365e-05 1.009724e+04 3.058025e+01
1.400000e+02 3.801460e-03 1.445110e-05 1.008823e+04 3.036129e+01
1.410000e+02 3.790517e-03 1.436802e-05 1.007883e+04 3.014542e+01
1.420000e+02 3.779201e-03 1.428236e-05 1.006915e+04 2.993259e+01
1.430000e+02 3.767628e-03 1.419502e-05 1.005927e+04 2.972272e+01
1.440000e+02 3.756139e-03 1.410858e-05 1.004924e+04 2.951577e+01
1.450000e+02 3.745146e-03 1.402612e-05 1.003906e+04 2.931167e+01
1.460000e+02 3.734811e-03 1.394881e-05 1.002876e+04 2.911036e+01
1.470000e+02 3.725206e-03 1.387716e-05 1.001825e+04 2.891179e+01
1.480000e+02 3.716189e-03 1.381006e-05 1.000751e+04 2.871589e+01
1.490000e+02 3.707860e-03 1.374823e-05 9.996486e+03 2.852263e+01
1.500000e+02 3.700428e-03 1.369317e-05 9.985033e+03 2.833194e+01
1.510000e+02 3.693593e-03 1.364263e-05 9.973105e+03 2.814377e+01
1.520000e+02 3.687083e-03 1.359458e-05 9.960719e+03 2.795808e+01
1.530000e+02 3.680586e-03 1.354671e-05 9.947809e+03 2.777481e+01
1.540000e+02 3.674121e-03 1.349916e-05 9.934474e+03 2.759391e+01
1.550000e+02 3.667310e-03 1.344916e-05 9.920822e+03 2.741536e+01
1.560000e+02 3.660030e-03 1.339582e-05 9.906673e+03 2.723908e+01
1.570000e+02 3.652463e-03 1.334048e-05 9.891897e+03 2.706506e+01
1.580000e+02 3.644761e-03 1.328428e-05 9.876579e+03 2.689323e+01
1.590000e+02 3.637302e-03 1.322997e-05 9.860769e+03 2.672357e+01
1.600000e+02 3.630044e-03 1.317722e-05 9.844328e+03 2.655602e+01
1.610000e+02 3.623185e-03 1.312747e-05 9.827149e+03 2.639055e+01
1.620000e+02 3.616778e-03 1.308108e-05 9.809215e+03 2.622712e+01
1.630000e+02 3.610889e-03 1.303852e-05 9.790584e+03 2.606570e+01
1.640000e+02 3.605320e-03 1.299833e-05 9.771318e+03 2.590624e+01
1.650000e+02 3.599682e-03 1.295771e-05 9.751438e+03 2.574871e+01
1.660000e+02 3.593784e-03 1.291528e-05 9.730919e+03 2.559308e+01
1.670000e+02 3.587396e-03 1.286941e-05 9.709775e+03 2.543931e+01
1.680000e+02 3.580764e-03 1.282187e-05 9.688033e+03 2.528736e+01
1.690000e+02 3.574308e-03 1.277568e-05 9.665769e+03 2.513722e+01
1.700000e+02 3.568093e-03 1.273129e-05 9.643071e+03 2.498883e+01
1.710000e+02 3.562155e-03 1.268895e-05 9.620003e+03 2.484219e+01
1.720000e+02 3.556169e-03 1.264634e-05 9.596438e+03 2.469724e+01
1.730000e+02 3.549849e-03 1.260143e-05 9.572346e+03 2.455397e+01
1.740000e+02 3.543389e-03 1.255560e-05 9.547923e+03 2.441234e+01
1.750000e+02 3.536960e-03 1.251008e-05 9.523295e+03 2.427234e+01
1.760000e+02 3.531173e-03 1.246918e-05 9.498440e+03 2.413392e+01
1.770000e+02 3.526028e-03 1.243288e-05 9.473297e+03 2.399706e+01
1.780000e+02 3.521170e-03 1.239864e-05 9.447917e+03 2.386174e+01
1.790000e+02 3.516608e-03 1.236653e-05 9.422228e+03 2.424357e+01
1.800000e+02 3.511876e-03 1.233327e-05 9.396214e+03 2.524606e+01
1.810000e+02 3.506356e-03 1.229453e-05 9.369850e+03 2.612033e+01
1.820000e+02 3.500384e-03 1.225269e-05 9.343125e+03 2.682614e+01
1.830000e+02 3.494312e-03 1.221022e-05 9.316002e+03 2.735245e+01
1.840000e+02 3.488539e-03 1.216990e-05 9.288392e+03 2.775383e+01
1.850000e+02 3.482845e-03 1.213021e-05 9.260392e+03 2.794249e+01
1.860000e+02 3.476854e-03 1.208851e-05 9.232109e+03 2.797022e+01
1.870000e+02 3.470454e-03 1.204405e-05 9.203494e+03 2.792866e+01
1.880000e+02 3.463818e-03 1.199804e-05 9.174517e+03 2.779029e+01
1.890000e+02 3.457283e-03 1.195280e-05 9.145138e+03 2.766496e+01
1.900000e+02 3.451060e-03 1.190981e-05 9.115381e+03 2.757763e+01
1.910000e+02 3.445277e-03 1.186993e-05 9.085287e+03 2.746490e+01
1.920000e+02 3.439573e-03 1.183067e-05 9.054817e+03 2.730830e+01
1.930000e+02 3.434021e-03 1.179250e-05 9.023908e+03 2.713430e+01
1.940000e+02 3.428710e-03 1.175606e-05 8.992490e+03 2.695759e+01
1.950000e+02 3.423502e-03 1.172036e-05 8.960564e+03 2.678146e+01
1.960000e+02 3.418382e-03 1.168534e-05 8.928243e+03 2.660689e+01
1.970000e+02 3.413315e-03 1.165072e-05 8.895537e+03 2.643405e+01
1.980000e+02 3.408137e-03 1.161540e-05 8.862379e+03 2.626294e+01
1.990000e+02 3.402512e-03 1.157709e-05 8.828756e+03 2.609354e+01
