**************************************************
*            H E D A C   s e a r c h             *
**************************************************
Started on: 2024-11-19 16:43:37.601942

Parameters:
         method: hedac
          x_min:      0.000
          x_max:    456.000
             dx:      1.000
          y_min:      0.000
          y_max:    478.000
             dy:      1.000

          alpha:      1.000
           beta:      0.500
          gamma:      0.100
          kappa:      0.000
             nu:      0.001
        sigma_m:      1.000
        sigma_c:      2.000
       sigma_ac:      0.100
         source:          difsource

         agents:         40
                  175.000,     34.000
                  258.000,    460.000
                   63.000,    130.000
                  330.000,     71.000
                  115.000,    270.000
                  253.000,    110.000
                   59.000,    232.000
                  193.000,    434.000
                  175.000,    280.000
                  158.000,    370.000
                  146.000,    238.000
                  250.000,    159.000
                  254.000,    310.000
                  174.000,    298.000
                   15.000,     30.000
                  224.000,     15.000
                  256.000,     39.000
                  249.000,     37.000
                  183.000,    236.000
                  103.000,    253.000
                   87.000,    217.000
                  207.000,    112.000
                  168.000,    398.000
                   71.000,    177.000
                  223.000,    107.000
                  181.000,     95.000
                  135.000,    150.000
                   82.000,    212.000
                  209.000,      5.000
                   85.000,    229.000
                  186.000,    106.000
                  259.000,    236.000
                  440.000,    157.000
                   83.000,    181.000
                  209.000,    301.000
                  261.000,     40.000
                  429.000,    152.000
                  189.000,    286.000
                  367.000,    116.000
                  301.000,     48.000
