           t           E1           E2           E3           E4
0.000000e+00 2.223730e-02 4.944977e-04 6.189030e+03 2.510719e+02
1.000000e+00 2.187906e-02 4.786933e-04 6.144530e+03 2.510883e+02
2.000000e+00 2.134934e-02 4.557945e-04 6.098310e+03 2.417994e+02
3.000000e+00 2.069307e-02 4.282031e-04 6.050382e+03 2.314348e+02
4.000000e+00 1.997329e-02 3.989324e-04 6.002074e+03 2.144279e+02
5.000000e+00 1.921835e-02 3.693449e-04 5.954713e+03 2.006839e+02
6.000000e+00 1.845130e-02 3.404504e-04 5.909086e+03 1.823339e+02
7.000000e+00 1.770020e-02 3.132971e-04 5.866398e+03 1.690915e+02
8.000000e+00 1.697765e-02 2.882407e-04 5.826936e+03 1.542885e+02
9.000000e+00 1.629106e-02 2.653987e-04 5.790755e+03 1.446208e+02
1.000000e+01 1.564246e-02 2.446865e-04 5.757332e+03 1.407919e+02
1.100000e+01 1.502926e-02 2.258786e-04 5.726018e+03 1.332400e+02
1.200000e+01 1.445501e-02 2.089473e-04 5.696363e+03 1.269188e+02
1.300000e+01 1.392145e-02 1.938069e-04 5.667625e+03 1.191855e+02
1.400000e+01 1.342603e-02 1.802582e-04 5.639192e+03 1.114457e+02
1.500000e+01 1.296439e-02 1.680754e-04 5.610785e+03 1.041631e+02
1.600000e+01 1.253253e-02 1.570643e-04 5.582349e+03 9.743275e+01
1.700000e+01 1.213199e-02 1.471851e-04 5.553880e+03 9.132929e+01
1.800000e+01 1.176476e-02 1.384096e-04 5.525154e+03 8.584691e+01
1.900000e+01 1.142635e-02 1.305615e-04 5.495986e+03 8.091838e+01
2.000000e+01 1.111130e-02 1.234609e-04 5.466512e+03 7.685050e+01
2.100000e+01 1.081633e-02 1.169931e-04 5.436776e+03 7.567364e+01
2.200000e+01 1.053922e-02 1.110751e-04 5.406485e+03 7.544891e+01
2.300000e+01 1.027847e-02 1.056470e-04 5.375531e+03 7.355012e+01
2.400000e+01 1.003041e-02 1.006091e-04 5.343984e+03 7.128677e+01
2.500000e+01 9.791451e-03 9.587251e-05 5.311918e+03 6.861705e+01
2.600000e+01 9.560510e-03 9.140335e-05 5.279525e+03 6.582999e+01
2.700000e+01 9.338243e-03 8.720278e-05 5.247112e+03 6.315050e+01
2.800000e+01 9.129041e-03 8.333938e-05 5.215014e+03 6.065521e+01
2.900000e+01 8.937091e-03 7.987159e-05 5.183222e+03 5.832351e+01
3.000000e+01 8.760340e-03 7.674355e-05 5.151878e+03 5.614019e+01
3.100000e+01 8.596054e-03 7.389214e-05 5.121349e+03 5.408640e+01
3.200000e+01 8.446605e-03 7.134513e-05 5.092001e+03 5.217761e+01
3.300000e+01 8.313300e-03 6.911095e-05 5.064101e+03 5.445735e+01
3.400000e+01 8.192642e-03 6.711938e-05 5.037766e+03 5.638122e+01
3.500000e+01 8.080911e-03 6.530113e-05 5.012740e+03 5.649632e+01
3.600000e+01 7.977399e-03 6.363890e-05 4.989368e+03 5.581650e+01
3.700000e+01 7.880959e-03 6.210952e-05 4.967665e+03 5.485256e+01
3.800000e+01 7.790780e-03 6.069625e-05 4.947291e+03 5.344637e+01
3.900000e+01 7.705698e-03 5.937778e-05 4.928169e+03 5.192587e+01
4.000000e+01 7.625646e-03 5.815048e-05 4.910147e+03 5.045382e+01
4.100000e+01 7.548721e-03 5.698320e-05 4.893025e+03 4.906302e+01
4.200000e+01 7.472565e-03 5.583922e-05 4.876709e+03 4.772309e+01
4.300000e+01 7.395925e-03 5.469970e-05 4.861023e+03 4.641465e+01
4.400000e+01 7.319237e-03 5.357123e-05 4.845752e+03 4.515146e+01
4.500000e+01 7.242882e-03 5.245933e-05 4.830649e+03 4.393981e+01
4.600000e+01 7.167149e-03 5.136803e-05 4.815584e+03 4.277930e+01
4.700000e+01 7.092363e-03 5.030161e-05 4.800557e+03 4.166764e+01
4.800000e+01 7.019115e-03 4.926798e-05 4.785554e+03 4.060201e+01
4.900000e+01 6.947542e-03 4.826834e-05 4.770622e+03 3.957966e+01
5.000000e+01 6.877507e-03 4.730010e-05 4.755691e+03 3.859799e+01
5.100000e+01 6.808673e-03 4.635802e-05 4.740627e+03 3.765463e+01
5.200000e+01 6.740351e-03 4.543233e-05 4.725419e+03 3.674738e+01
5.300000e+01 6.671964e-03 4.451511e-05 4.710074e+03 3.587421e+01
5.400000e+01 6.603312e-03 4.360373e-05 4.694592e+03 3.503323e+01
5.500000e+01 6.534354e-03 4.269778e-05 4.679006e+03 3.422269e+01
5.600000e+01 6.464754e-03 4.179305e-05 4.663362e+03 3.344097e+01
5.700000e+01 6.394593e-03 4.089081e-05 4.647749e+03 3.268656e+01
5.800000e+01 6.323904e-03 3.999176e-05 4.632166e+03 3.195805e+01
5.900000e+01 6.252995e-03 3.909995e-05 4.616515e+03 3.125413e+01
6.000000e+01 6.182701e-03 3.822579e-05 4.600777e+03 3.088554e+01
6.100000e+01 6.113708e-03 3.737743e-05 4.585092e+03 3.041379e+01
6.200000e+01 6.045941e-03 3.655341e-05 4.569572e+03 3.002391e+01
6.300000e+01 5.979485e-03 3.575424e-05 4.554329e+03 3.048750e+01
6.400000e+01 5.914177e-03 3.497750e-05 4.539462e+03 3.035537e+01
6.500000e+01 5.849725e-03 3.421928e-05 4.524923e+03 2.995851e+01
6.600000e+01 5.786335e-03 3.348167e-05 4.510641e+03 2.948066e+01
6.700000e+01 5.724268e-03 3.276725e-05 4.496518e+03 2.899252e+01
6.800000e+01 5.663924e-03 3.208003e-05 4.482471e+03 2.851388e+01
6.900000e+01 5.605593e-03 3.142267e-05 4.468451e+03 2.804852e+01
7.000000e+01 5.548989e-03 3.079128e-05 4.454468e+03 2.759646e+01
7.100000e+01 5.493526e-03 3.017883e-05 4.440630e+03 2.715713e+01
7.200000e+01 5.439459e-03 2.958772e-05 4.426795e+03 2.672994e+01
7.300000e+01 5.386972e-03 2.901947e-05 4.412957e+03 2.631436e+01
7.400000e+01 5.336956e-03 2.848310e-05 4.399029e+03 2.685300e+01
7.500000e+01 5.290173e-03 2.798593e-05 4.385026e+03 2.741019e+01
7.600000e+01 5.246755e-03 2.752844e-05 4.371091e+03 2.761159e+01
7.700000e+01 5.206181e-03 2.710432e-05 4.357266e+03 2.740474e+01
7.800000e+01 5.168311e-03 2.671144e-05 4.343688e+03 2.737932e+01
7.900000e+01 5.132901e-03 2.634667e-05 4.330441e+03 2.774612e+01
8.000000e+01 5.099192e-03 2.600176e-05 4.317424e+03 2.848066e+01
8.100000e+01 5.066878e-03 2.567325e-05 4.304546e+03 2.929636e+01
8.200000e+01 5.035795e-03 2.535923e-05 4.291749e+03 2.996061e+01
8.300000e+01 5.005833e-03 2.505837e-05 4.278938e+03 3.018234e+01
8.400000e+01 4.977539e-03 2.477589e-05 4.265999e+03 3.018321e+01
8.500000e+01 4.951852e-03 2.452084e-05 4.252980e+03 3.030438e+01
8.600000e+01 4.928890e-03 2.429396e-05 4.239873e+03 3.014688e+01
8.700000e+01 4.908273e-03 2.409115e-05 4.226602e+03 3.001462e+01
8.800000e+01 4.889306e-03 2.390531e-05 4.213168e+03 2.973890e+01
8.900000e+01 4.871641e-03 2.373289e-05 4.199670e+03 2.936880e+01
9.000000e+01 4.855316e-03 2.357410e-05 4.186158e+03 2.897312e+01
9.100000e+01 4.839636e-03 2.342208e-05 4.172583e+03 2.857363e+01
9.200000e+01 4.823848e-03 2.326951e-05 4.158906e+03 2.817951e+01
9.300000e+01 4.807459e-03 2.311166e-05 4.145106e+03 2.779322e+01
9.400000e+01 4.790122e-03 2.294526e-05 4.131156e+03 2.741504e+01
9.500000e+01 4.771399e-03 2.276624e-05 4.117103e+03 2.704478e+01
9.600000e+01 4.750843e-03 2.257051e-05 4.103053e+03 2.668221e+01
9.700000e+01 4.728257e-03 2.235642e-05 4.089064e+03 2.632711e+01
9.800000e+01 4.703710e-03 2.212488e-05 4.075193e+03 2.597923e+01
9.900000e+01 4.677618e-03 2.188011e-05 4.061491e+03 2.563836e+01
1.000000e+02 4.651071e-03 2.163246e-05 4.047904e+03 2.530430e+01
1.010000e+02 4.625110e-03 2.139165e-05 4.034330e+03 2.497683e+01
1.020000e+02 4.600295e-03 2.116272e-05 4.020723e+03 2.465577e+01
1.030000e+02 4.576807e-03 2.094716e-05 4.007146e+03 2.434093e+01
1.040000e+02 4.554207e-03 2.074080e-05 3.993651e+03 2.601572e+01
1.050000e+02 4.531735e-03 2.053662e-05 3.980177e+03 2.747829e+01
1.060000e+02 4.509045e-03 2.033148e-05 3.966660e+03 2.836986e+01
1.070000e+02 4.486525e-03 2.012891e-05 3.953058e+03 2.902111e+01
1.080000e+02 4.464246e-03 1.992949e-05 3.939338e+03 2.935610e+01
1.090000e+02 4.442244e-03 1.973354e-05 3.925453e+03 2.929794e+01
1.100000e+02 4.420239e-03 1.953852e-05 3.911453e+03 2.904052e+01
1.110000e+02 4.397923e-03 1.934173e-05 3.897461e+03 2.871198e+01
1.120000e+02 4.374897e-03 1.913973e-05 3.883697e+03 2.836751e+01
1.130000e+02 4.350734e-03 1.892889e-05 3.870249e+03 2.802434e+01
1.140000e+02 4.325585e-03 1.871069e-05 3.857067e+03 2.768638e+01
1.150000e+02 4.299844e-03 1.848866e-05 3.844139e+03 2.735418e+01
1.160000e+02 4.274213e-03 1.826889e-05 3.831480e+03 2.702768e+01
1.170000e+02 4.249390e-03 1.805732e-05 3.818966e+03 2.670675e+01
1.180000e+02 4.225670e-03 1.785629e-05 3.806470e+03 2.639125e+01
1.190000e+02 4.203065e-03 1.766576e-05 3.793960e+03 2.608104e+01
1.200000e+02 4.181287e-03 1.748316e-05 3.781466e+03 2.577599e+01
1.210000e+02 4.160222e-03 1.730745e-05 3.768870e+03 2.547598e+01
1.220000e+02 4.139466e-03 1.713518e-05 3.756148e+03 2.518091e+01
1.230000e+02 4.119282e-03 1.696849e-05 3.743332e+03 2.489063e+01
1.240000e+02 4.099941e-03 1.680952e-05 3.730566e+03 2.460500e+01
1.250000e+02 4.080778e-03 1.665275e-05 3.718003e+03 2.432392e+01
1.260000e+02 4.061275e-03 1.649395e-05 3.705663e+03 2.421034e+01
1.270000e+02 4.041153e-03 1.633091e-05 3.693513e+03 2.434187e+01
1.280000e+02 4.020664e-03 1.616574e-05 3.681496e+03 2.433651e+01
1.290000e+02 4.000317e-03 1.600253e-05 3.669555e+03 2.422475e+01
1.300000e+02 3.980361e-03 1.584328e-05 3.657658e+03 2.405402e+01
1.310000e+02 3.960961e-03 1.568921e-05 3.645826e+03 2.387013e+01
1.320000e+02 3.942260e-03 1.554141e-05 3.634156e+03 2.368836e+01
1.330000e+02 3.924225e-03 1.539954e-05 3.622651e+03 2.350676e+01
1.340000e+02 3.906790e-03 1.526301e-05 3.611291e+03 2.332559e+01
1.350000e+02 3.890004e-03 1.513213e-05 3.600131e+03 2.314661e+01
1.360000e+02 3.873713e-03 1.500565e-05 3.589192e+03 2.297017e+01
1.370000e+02 3.857555e-03 1.488073e-05 3.578482e+03 2.279629e+01
1.380000e+02 3.840877e-03 1.475234e-05 3.568036e+03 2.262492e+01
1.390000e+02 3.823043e-03 1.461566e-05 3.557862e+03 2.245602e+01
1.400000e+02 3.803685e-03 1.446802e-05 3.547933e+03 2.228952e+01
1.410000e+02 3.782785e-03 1.430947e-05 3.538240e+03 2.212539e+01
1.420000e+02 3.760661e-03 1.414257e-05 3.528785e+03 2.196356e+01
1.430000e+02 3.738020e-03 1.397279e-05 3.519522e+03 2.180399e+01
1.440000e+02 3.715505e-03 1.380498e-05 3.510419e+03 2.164663e+01
1.450000e+02 3.693638e-03 1.364296e-05 3.501479e+03 2.149144e+01
1.460000e+02 3.672803e-03 1.348948e-05 3.492692e+03 2.133837e+01
1.470000e+02 3.653438e-03 1.334761e-05 3.484066e+03 2.118739e+01
1.480000e+02 3.635649e-03 1.321794e-05 3.475609e+03 2.103844e+01
1.490000e+02 3.619386e-03 1.309995e-05 3.467306e+03 2.133956e+01
1.500000e+02 3.604525e-03 1.299260e-05 3.459092e+03 2.186378e+01
1.510000e+02 3.590478e-03 1.289153e-05 3.450916e+03 2.223729e+01
1.520000e+02 3.576720e-03 1.279293e-05 3.442770e+03 2.239812e+01
1.530000e+02 3.562939e-03 1.269454e-05 3.434648e+03 2.237421e+01
1.540000e+02 3.549063e-03 1.259585e-05 3.426534e+03 2.225378e+01
1.550000e+02 3.535178e-03 1.249748e-05 3.418365e+03 2.213074e+01
1.560000e+02 3.521463e-03 1.240070e-05 3.410081e+03 2.201284e+01
1.570000e+02 3.508802e-03 1.231169e-05 3.401588e+03 2.192287e+01
1.580000e+02 3.497190e-03 1.223034e-05 3.392853e+03 2.183532e+01
1.590000e+02 3.485924e-03 1.215167e-05 3.383895e+03 2.173339e+01
1.600000e+02 3.474415e-03 1.207156e-05 3.374684e+03 2.198143e+01
1.610000e+02 3.462512e-03 1.198899e-05 3.365222e+03 2.290394e+01
1.620000e+02 3.450075e-03 1.190302e-05 3.355523e+03 2.391517e+01
1.630000e+02 3.436762e-03 1.181134e-05 3.345670e+03 2.475048e+01
1.640000e+02 3.422444e-03 1.171312e-05 3.335670e+03 2.522255e+01
1.650000e+02 3.407421e-03 1.161052e-05 3.325524e+03 2.559224e+01
1.660000e+02 3.392392e-03 1.150832e-05 3.315267e+03 2.617611e+01
1.670000e+02 3.377942e-03 1.141049e-05 3.304892e+03 2.707329e+01
1.680000e+02 3.364056e-03 1.131687e-05 3.294317e+03 2.787510e+01
1.690000e+02 3.350728e-03 1.122738e-05 3.283537e+03 2.833953e+01
1.700000e+02 3.338022e-03 1.114239e-05 3.272653e+03 2.850004e+01
1.710000e+02 3.325844e-03 1.106124e-05 3.261680e+03 2.846703e+01
1.720000e+02 3.313998e-03 1.098258e-05 3.250601e+03 2.833535e+01
1.730000e+02 3.302260e-03 1.090492e-05 3.239479e+03 2.816704e+01
1.740000e+02 3.290465e-03 1.082716e-05 3.228379e+03 2.798997e+01
1.750000e+02 3.278705e-03 1.074991e-05 3.217344e+03 2.781264e+01
1.760000e+02 3.267074e-03 1.067377e-05 3.206370e+03 2.763697e+01
1.770000e+02 3.255651e-03 1.059926e-05 3.195452e+03 2.746328e+01
1.780000e+02 3.244389e-03 1.052606e-05 3.184611e+03 2.729152e+01
1.790000e+02 3.233376e-03 1.045472e-05 3.173905e+03 2.712163e+01
1.800000e+02 3.222835e-03 1.038666e-05 3.163345e+03 2.695363e+01
1.810000e+02 3.212874e-03 1.032256e-05 3.152895e+03 2.678747e+01
1.820000e+02 3.203288e-03 1.026105e-05 3.142530e+03 2.662314e+01
1.830000e+02 3.193799e-03 1.020035e-05 3.132185e+03 2.646060e+01
1.840000e+02 3.184157e-03 1.013886e-05 3.121795e+03 2.629983e+01
1.850000e+02 3.173970e-03 1.007408e-05 3.111322e+03 2.614079e+01
1.860000e+02 3.162989e-03 1.000450e-05 3.100763e+03 2.598346e+01
1.870000e+02 3.151245e-03 9.930342e-06 3.090138e+03 2.582781e+01
1.880000e+02 3.138863e-03 9.852458e-06 3.079416e+03 2.567381e+01
1.890000e+02 3.126137e-03 9.772731e-06 3.068598e+03 2.552145e+01
1.900000e+02 3.113358e-03 9.692996e-06 3.057707e+03 2.537068e+01
1.910000e+02 3.100790e-03 9.614900e-06 3.046743e+03 2.522149e+01
1.920000e+02 3.088608e-03 9.539498e-06 3.035703e+03 2.507385e+01
1.930000e+02 3.076954e-03 9.467644e-06 3.024706e+03 2.492774e+01
1.940000e+02 3.065869e-03 9.399554e-06 3.013802e+03 2.478314e+01
1.950000e+02 3.055280e-03 9.334734e-06 3.002987e+03 2.464001e+01
1.960000e+02 3.044914e-03 9.271499e-06 2.992201e+03 2.449835e+01
1.970000e+02 3.034514e-03 9.208276e-06 2.981375e+03 2.435812e+01
1.980000e+02 3.024000e-03 9.144575e-06 2.970513e+03 2.421931e+01
1.990000e+02 3.013282e-03 9.079866e-06 2.959598e+03 2.408189e+01
