**************************************************
*            H E D A C   s e a r c h             *
**************************************************
Started on: 2024-11-19 17:23:37.641277

Parameters:
         method: hedac
          x_min:      0.000
          x_max:    456.000
             dx:      1.000
          y_min:      0.000
          y_max:    478.000
             dy:      1.000

          alpha:      1.000
           beta:      0.500
          gamma:      0.100
          kappa:      0.000
             nu:      0.001
        sigma_m:      1.000
        sigma_c:      2.000
       sigma_ac:      0.100
         source:          difsource

         agents:         40
                  405.000,    146.000
                  221.000,    318.000
                   68.000,    221.000
                  204.000,    446.000
                  186.000,    277.000
                   56.000,     62.000
                  221.000,    116.000
                  212.000,    312.000
                  175.000,    302.000
                   50.000,     62.000
                   51.000,     38.000
                  165.000,    361.000
                  176.000,    298.000
                    8.000,     42.000
                  161.000,    385.000
                  114.000,    240.000
                  251.000,    102.000
                   64.000,    155.000
                  140.000,    258.000
                  116.000,    259.000
                  164.000,    392.000
                  213.000,    105.000
                   91.000,     53.000
                  217.000,    317.000
                  254.000,    244.000
                   60.000,    211.000
                   91.000,    225.000
                  162.000,    379.000
                   64.000,    241.000
                  308.000,     44.000
                  240.000,     26.000
                   31.000,     46.000
                  253.000,    149.000
                   86.000,    228.000
                  226.000,    310.000
                  159.000,     55.000
                  245.000,    309.000
                   71.000,    196.000
                  180.000,     21.000
                  259.000,    211.000
