**************************************************
*            H E D A C   s e a r c h             *
**************************************************
Started on: 2024-11-19 16:21:23.158341

Parameters:
         method: hedac
          x_min:      0.000
          x_max:    456.000
             dx:      1.000
          y_min:      0.000
          y_max:    478.000
             dy:      1.000

          alpha:      1.000
           beta:      0.500
          gamma:      0.100
          kappa:      0.000
             nu:      0.001
        sigma_m:      1.000
        sigma_c:      2.000
       sigma_ac:      0.100
         source:          difsource

         agents:         40
                  252.000,    147.000
                  181.000,    286.000
                   26.000,     55.000
                   92.000,    231.000
                  225.000,     15.000
                  246.000,     29.000
                  248.000,    169.000
                  147.000,    104.000
                  286.000,     52.000
                  217.000,    114.000
                  167.000,     30.000
                  189.000,    285.000
                  205.000,    287.000
                   48.000,     37.000
                  157.000,    374.000
                  253.000,    149.000
                   53.000,    192.000
                  303.000,     46.000
                  189.000,    105.000
                  329.000,     66.000
                  131.000,    113.000
                  192.000,    283.000
                   54.000,    114.000
                   51.000,     38.000
                  254.000,    461.000
                  158.000,    292.000
                  193.000,    110.000
                  233.000,    250.000
                   66.000,    170.000
                  190.000,    415.000
                  187.000,    303.000
                  177.000,    297.000
                   83.000,    235.000
                  254.000,    105.000
                  183.000,    198.000
                  201.000,    119.000
                  202.000,    279.000
                  264.000,    262.000
                  232.000,    310.000
                  269.000,     44.000
