**************************************************
*            H E D A C   s e a r c h             *
**************************************************
Started on: 2024-11-05 16:15:36.237122

Parameters:
         method: hedac
          x_min:      0.000
          x_max:    226.000
             dx:      1.000
          y_min:      0.000
          y_max:    315.000
             dy:      1.000

          alpha:      1.000
           beta:      0.500
          gamma:      0.100
          kappa:      0.000
             nu:      0.001
        sigma_m:      1.000
        sigma_c:      2.000
       sigma_ac:      0.100
         source:          difsource

         agents:         40
                  158.000,    103.000
                   35.000,    227.000
                  206.000,    127.000
                  174.000,    117.000
                   75.000,    125.000
                  149.000,    179.000
                  170.000,    184.000
                   84.000,    300.000
                  140.000,     13.000
                   49.000,    204.000
                  167.000,    110.000
                   38.000,    207.000
                  179.000,    147.000
                   30.000,    225.000
                   78.000,    231.000
                   31.000,    204.000
                  140.000,    106.000
                   99.000,    278.000
                   28.000,    201.000
                  168.000,    135.000
                  100.000,    120.000
                  105.000,    263.000
                  102.000,    205.000
                  139.000,     92.000
                  130.000,    253.000
                  134.000,    126.000
                  149.000,    190.000
                  103.000,    273.000
                  185.000,    124.000
                  147.000,     41.000
                  191.000,    127.000
                   33.000,    220.000
                   13.000,    229.000
                  112.000,    218.000
                   11.000,    239.000
                  188.000,     97.000
                  156.000,     55.000
                  120.000,    217.000
                  173.000,     93.000
                  132.000,    131.000
