           t           E1           E2           E3           E4
0.000000e+00 2.248474e-02 5.055633e-04 1.100015e+03 7.799917e+01
1.000000e+00 2.188127e-02 4.787900e-04 1.100178e+03 7.704600e+01
2.000000e+00 2.114887e-02 4.472747e-04 1.099138e+03 7.230959e+01
3.000000e+00 2.029787e-02 4.120034e-04 1.096962e+03 6.974429e+01
4.000000e+00 1.935793e-02 3.747295e-04 1.093888e+03 6.391149e+01
5.000000e+00 1.836915e-02 3.374256e-04 1.090254e+03 5.947014e+01
6.000000e+00 1.737473e-02 3.018813e-04 1.086285e+03 5.345394e+01
7.000000e+00 1.641266e-02 2.693754e-04 1.081878e+03 4.822121e+01
8.000000e+00 1.550691e-02 2.404643e-04 1.076825e+03 4.301658e+01
9.000000e+00 1.467323e-02 2.153038e-04 1.071197e+03 3.835911e+01
1.000000e+01 1.391062e-02 1.935054e-04 1.065205e+03 3.532757e+01
1.100000e+01 1.321547e-02 1.746487e-04 1.058911e+03 3.282619e+01
1.200000e+01 1.258804e-02 1.584588e-04 1.052281e+03 3.057163e+01
1.300000e+01 1.202683e-02 1.446447e-04 1.045496e+03 2.856756e+01
1.400000e+01 1.152937e-02 1.329263e-04 1.038418e+03 2.672575e+01
1.500000e+01 1.109137e-02 1.230184e-04 1.031228e+03 2.502303e+01
1.600000e+01 1.070495e-02 1.145959e-04 1.024730e+03 2.369523e+01
1.700000e+01 1.036071e-02 1.073444e-04 1.019069e+03 2.261333e+01
1.800000e+01 1.005579e-02 1.011189e-04 1.013636e+03 2.148562e+01
1.900000e+01 9.789700e-03 9.583822e-05 1.007782e+03 2.024333e+01
2.000000e+01 9.551991e-03 9.124054e-05 1.001224e+03 1.931761e+01
2.100000e+01 9.331156e-03 8.707048e-05 9.938765e+02 1.849778e+01
2.200000e+01 9.121630e-03 8.320414e-05 9.858420e+02 1.762954e+01
2.300000e+01 8.922226e-03 7.960611e-05 9.773794e+02 1.769361e+01
2.400000e+01 8.736841e-03 7.633239e-05 9.688698e+02 1.754297e+01
2.500000e+01 8.566495e-03 7.338483e-05 9.605836e+02 1.725049e+01
2.600000e+01 8.408257e-03 7.069879e-05 9.524676e+02 1.700956e+01
2.700000e+01 8.258856e-03 6.820870e-05 9.445227e+02 1.655629e+01
2.800000e+01 8.118756e-03 6.591419e-05 9.368784e+02 1.590615e+01
2.900000e+01 7.985947e-03 6.377535e-05 9.296350e+02 1.522932e+01
3.000000e+01 7.856290e-03 6.172129e-05 9.228126e+02 1.480376e+01
3.100000e+01 7.725926e-03 5.968994e-05 9.163631e+02 1.429225e+01
3.200000e+01 7.593015e-03 5.765388e-05 9.101788e+02 1.376099e+01
3.300000e+01 7.460654e-03 5.566136e-05 9.042597e+02 1.324756e+01
3.400000e+01 7.335370e-03 5.380765e-05 8.986085e+02 1.276115e+01
3.500000e+01 7.222011e-03 5.215744e-05 8.932016e+02 1.255939e+01
3.600000e+01 7.121506e-03 5.071584e-05 8.880857e+02 1.282181e+01
3.700000e+01 7.030810e-03 4.943229e-05 8.831277e+02 1.305494e+01
3.800000e+01 6.943472e-03 4.821180e-05 8.781966e+02 1.315592e+01
3.900000e+01 6.853725e-03 4.697355e-05 8.732631e+02 1.297774e+01
4.000000e+01 6.759192e-03 4.568667e-05 8.682937e+02 1.272780e+01
4.100000e+01 6.660131e-03 4.435734e-05 8.633389e+02 1.237054e+01
4.200000e+01 6.559955e-03 4.303301e-05 8.585247e+02 1.199059e+01
4.300000e+01 6.463234e-03 4.177339e-05 8.541036e+02 1.161703e+01
4.400000e+01 6.374124e-03 4.062946e-05 8.503215e+02 1.125789e+01
4.500000e+01 6.293787e-03 3.961176e-05 8.472125e+02 1.091424e+01
4.600000e+01 6.220968e-03 3.870044e-05 8.445658e+02 1.058540e+01
4.700000e+01 6.153467e-03 3.786516e-05 8.422247e+02 1.027049e+01
4.800000e+01 6.090354e-03 3.709242e-05 8.401243e+02 9.968629e+00
4.900000e+01 6.031617e-03 3.638040e-05 8.381791e+02 9.679036e+00
5.000000e+01 5.977495e-03 3.573044e-05 8.363777e+02 9.400973e+00
5.100000e+01 5.927645e-03 3.513698e-05 8.347627e+02 9.283579e+00
5.200000e+01 5.882370e-03 3.460228e-05 8.334021e+02 9.605126e+00
5.300000e+01 5.840629e-03 3.411295e-05 8.322718e+02 9.895063e+00
5.400000e+01 5.800670e-03 3.364778e-05 8.313761e+02 1.003785e+01
5.500000e+01 5.760921e-03 3.318821e-05 8.305967e+02 1.024081e+01
5.600000e+01 5.720302e-03 3.272185e-05 8.295446e+02 1.067186e+01
5.700000e+01 5.678063e-03 3.224040e-05 8.276493e+02 1.118957e+01
5.800000e+01 5.640639e-03 3.181681e-05 8.255003e+02 1.224009e+01
5.900000e+01 5.610563e-03 3.147842e-05 8.239043e+02 1.350397e+01
6.000000e+01 5.583534e-03 3.117585e-05 8.225435e+02 1.456335e+01
6.100000e+01 5.555492e-03 3.086350e-05 8.210804e+02 1.523006e+01
6.200000e+01 5.524384e-03 3.051882e-05 8.193087e+02 1.563822e+01
6.300000e+01 5.489423e-03 3.013377e-05 8.170884e+02 1.571344e+01
6.400000e+01 5.452493e-03 2.972968e-05 8.145322e+02 1.558297e+01
6.500000e+01 5.415199e-03 2.932438e-05 8.119326e+02 1.539125e+01
6.600000e+01 5.377217e-03 2.891446e-05 8.094021e+02 1.518307e+01
6.700000e+01 5.336377e-03 2.847692e-05 8.068746e+02 1.494112e+01
6.800000e+01 5.291467e-03 2.799962e-05 8.041810e+02 1.467407e+01
6.900000e+01 5.243147e-03 2.749059e-05 8.013993e+02 1.439257e+01
7.000000e+01 5.193410e-03 2.697151e-05 7.985521e+02 1.411500e+01
7.100000e+01 5.144011e-03 2.646085e-05 7.955571e+02 1.385182e+01
7.200000e+01 5.096763e-03 2.597699e-05 7.923880e+02 1.362284e+01
7.300000e+01 5.053260e-03 2.553543e-05 7.890351e+02 1.346913e+01
7.400000e+01 5.014841e-03 2.514863e-05 7.855151e+02 1.345077e+01
7.500000e+01 4.981377e-03 2.481412e-05 7.817949e+02 1.362641e+01
7.600000e+01 4.950308e-03 2.450555e-05 7.779508e+02 1.398200e+01
7.700000e+01 4.919354e-03 2.420004e-05 7.740859e+02 1.425555e+01
7.800000e+01 4.887344e-03 2.388613e-05 7.702252e+02 1.448746e+01
7.900000e+01 4.855643e-03 2.357727e-05 7.663088e+02 1.471835e+01
8.000000e+01 4.824083e-03 2.327177e-05 7.623400e+02 1.493070e+01
8.100000e+01 4.790906e-03 2.295278e-05 7.583493e+02 1.503120e+01
8.200000e+01 4.756360e-03 2.262296e-05 7.543171e+02 1.499379e+01
8.300000e+01 4.721669e-03 2.229416e-05 7.502482e+02 1.484586e+01
8.400000e+01 4.687230e-03 2.197012e-05 7.461492e+02 1.463995e+01
8.500000e+01 4.653168e-03 2.165197e-05 7.419795e+02 1.441447e+01
8.600000e+01 4.622542e-03 2.136789e-05 7.377366e+02 1.419796e+01
8.700000e+01 4.596143e-03 2.112453e-05 7.333676e+02 1.401610e+01
8.800000e+01 4.572745e-03 2.090999e-05 7.288615e+02 1.393809e+01
8.900000e+01 4.550407e-03 2.070621e-05 7.242061e+02 1.399520e+01
9.000000e+01 4.527841e-03 2.050134e-05 7.193222e+02 1.419326e+01
9.100000e+01 4.504565e-03 2.029110e-05 7.141241e+02 1.442563e+01
9.200000e+01 4.480569e-03 2.007549e-05 7.087707e+02 1.458245e+01
9.300000e+01 4.455499e-03 1.985148e-05 7.033173e+02 1.460377e+01
9.400000e+01 4.431030e-03 1.963402e-05 6.977491e+02 1.464731e+01
9.500000e+01 4.408279e-03 1.943293e-05 6.920292e+02 1.478249e+01
9.600000e+01 4.386171e-03 1.923850e-05 6.861614e+02 1.490022e+01
9.700000e+01 4.364144e-03 1.904575e-05 6.801145e+02 1.499301e+01
9.800000e+01 4.342823e-03 1.886011e-05 6.738733e+02 1.515986e+01
9.900000e+01 4.323073e-03 1.868896e-05 6.674856e+02 1.539991e+01
1.000000e+02 4.304887e-03 1.853206e-05 6.609557e+02 1.560564e+01
1.010000e+02 4.289072e-03 1.839614e-05 6.543935e+02 1.569438e+01
1.020000e+02 4.275674e-03 1.828139e-05 6.478451e+02 1.566162e+01
1.030000e+02 4.263685e-03 1.817901e-05 6.413109e+02 1.554403e+01
1.040000e+02 4.251184e-03 1.807257e-05 6.348276e+02 1.537598e+01
1.050000e+02 4.235991e-03 1.794362e-05 6.284116e+02 1.518555e+01
1.060000e+02 4.217388e-03 1.778636e-05 6.221134e+02 1.498928e+01
1.070000e+02 4.196499e-03 1.761061e-05 6.159778e+02 1.479446e+01
1.080000e+02 4.173210e-03 1.741568e-05 6.100017e+02 1.460225e+01
1.090000e+02 4.148630e-03 1.721113e-05 6.041466e+02 1.441383e+01
1.100000e+02 4.123413e-03 1.700254e-05 5.983554e+02 1.422929e+01
1.110000e+02 4.096983e-03 1.678527e-05 5.925958e+02 1.404671e+01
1.120000e+02 4.068740e-03 1.655465e-05 5.868574e+02 1.386671e+01
1.130000e+02 4.038998e-03 1.631351e-05 5.811551e+02 1.368979e+01
1.140000e+02 4.007789e-03 1.606237e-05 5.754773e+02 1.351595e+01
1.150000e+02 3.975386e-03 1.580369e-05 5.698260e+02 1.334513e+01
1.160000e+02 3.943549e-03 1.555158e-05 5.641556e+02 1.317726e+01
1.170000e+02 3.912138e-03 1.530482e-05 5.584016e+02 1.301226e+01
1.180000e+02 3.880687e-03 1.505973e-05 5.525250e+02 1.285007e+01
1.190000e+02 3.849671e-03 1.481997e-05 5.465660e+02 1.269059e+01
1.200000e+02 3.817938e-03 1.457665e-05 5.405485e+02 1.253378e+01
1.210000e+02 3.785574e-03 1.433057e-05 5.344870e+02 1.237954e+01
1.220000e+02 3.753121e-03 1.408592e-05 5.283974e+02 1.222782e+01
1.230000e+02 3.720846e-03 1.384470e-05 5.222707e+02 1.207856e+01
1.240000e+02 3.689278e-03 1.361077e-05 5.161284e+02 1.193171e+01
1.250000e+02 3.659449e-03 1.339157e-05 5.100317e+02 1.178721e+01
1.260000e+02 3.630862e-03 1.318316e-05 5.039627e+02 1.164499e+01
1.270000e+02 3.603116e-03 1.298244e-05 4.979169e+02 1.150502e+01
1.280000e+02 3.576319e-03 1.279006e-05 4.918891e+02 1.136724e+01
1.290000e+02 3.550861e-03 1.260862e-05 4.858761e+02 1.123159e+01
1.300000e+02 3.526923e-03 1.243919e-05 4.799143e+02 1.109802e+01
1.310000e+02 3.504263e-03 1.227986e-05 4.740291e+02 1.096648e+01
1.320000e+02 3.482919e-03 1.213072e-05 4.682327e+02 1.083694e+01
1.330000e+02 3.462814e-03 1.199108e-05 4.625261e+02 1.070934e+01
1.340000e+02 3.443876e-03 1.186028e-05 4.569197e+02 1.058365e+01
1.350000e+02 3.425911e-03 1.173687e-05 4.514382e+02 1.045982e+01
1.360000e+02 3.407953e-03 1.161415e-05 4.460584e+02 1.033781e+01
1.370000e+02 3.390760e-03 1.149725e-05 4.408159e+02 1.021757e+01
1.380000e+02 3.375012e-03 1.139071e-05 4.356975e+02 1.009908e+01
1.390000e+02 3.360648e-03 1.129395e-05 4.306696e+02 9.982294e+00
1.400000e+02 3.347268e-03 1.120420e-05 4.257228e+02 9.867173e+00
1.410000e+02 3.334144e-03 1.111652e-05 4.208525e+02 9.753684e+00
1.420000e+02 3.320721e-03 1.102719e-05 4.160541e+02 9.641792e+00
1.430000e+02 3.306164e-03 1.093072e-05 4.113055e+02 9.531463e+00
1.440000e+02 3.289878e-03 1.082330e-05 4.066064e+02 9.422665e+00
1.450000e+02 3.271972e-03 1.070580e-05 4.019649e+02 9.315367e+00
1.460000e+02 3.252805e-03 1.058074e-05 3.973806e+02 9.209538e+00
1.470000e+02 3.232799e-03 1.045099e-05 3.928276e+02 9.105147e+00
1.480000e+02 3.212401e-03 1.031952e-05 3.882643e+02 9.002167e+00
1.490000e+02 3.191660e-03 1.018669e-05 3.836870e+02 8.900567e+00
1.500000e+02 3.170709e-03 1.005340e-05 3.791159e+02 8.800321e+00
1.510000e+02 3.150192e-03 9.923710e-06 3.745474e+02 8.701402e+00
1.520000e+02 3.129513e-03 9.793851e-06 3.699869e+02 8.603783e+00
1.530000e+02 3.108116e-03 9.660387e-06 3.654468e+02 8.507440e+00
1.540000e+02 3.086168e-03 9.524433e-06 3.609276e+02 8.412346e+00
1.550000e+02 3.063978e-03 9.387961e-06 3.564171e+02 8.318480e+00
1.560000e+02 3.041703e-03 9.251957e-06 3.519082e+02 8.225815e+00
1.570000e+02 3.019454e-03 9.117100e-06 3.474178e+02 8.134330e+00
1.580000e+02 2.997131e-03 8.982796e-06 3.429628e+02 8.044003e+00
1.590000e+02 2.975272e-03 8.852242e-06 3.385646e+02 7.954811e+00
1.600000e+02 2.954417e-03 8.728581e-06 3.342333e+02 7.866733e+00
1.610000e+02 2.935062e-03 8.614589e-06 3.299926e+02 7.779748e+00
1.620000e+02 2.917829e-03 8.513724e-06 3.258785e+02 7.693837e+00
1.630000e+02 2.902751e-03 8.425966e-06 3.219112e+02 7.608978e+00
1.640000e+02 2.889047e-03 8.346591e-06 3.181213e+02 7.525155e+00
1.650000e+02 2.876291e-03 8.273049e-06 3.144945e+02 7.442346e+00
1.660000e+02 2.863821e-03 8.201472e-06 3.110424e+02 7.360535e+00
1.670000e+02 2.851530e-03 8.131222e-06 3.077728e+02 7.279702e+00
1.680000e+02 2.839448e-03 8.062467e-06 3.046881e+02 7.199832e+00
1.690000e+02 2.827741e-03 7.996118e-06 3.017962e+02 7.120905e+00
1.700000e+02 2.816624e-03 7.933372e-06 2.991033e+02 7.042907e+00
1.710000e+02 2.805881e-03 7.872968e-06 2.965931e+02 6.965821e+00
1.720000e+02 2.795132e-03 7.812764e-06 2.942688e+02 6.889630e+00
1.730000e+02 2.783845e-03 7.749795e-06 2.921213e+02 6.814320e+00
1.740000e+02 2.771770e-03 7.682709e-06 2.901306e+02 6.739874e+00
1.750000e+02 2.758476e-03 7.609190e-06 2.882856e+02 6.666279e+00
1.760000e+02 2.743582e-03 7.527243e-06 2.865807e+02 6.593520e+00
1.770000e+02 2.727154e-03 7.437367e-06 2.850127e+02 6.521582e+00
1.780000e+02 2.709706e-03 7.342508e-06 2.835841e+02 6.450452e+00
1.790000e+02 2.691820e-03 7.245893e-06 2.822883e+02 6.380117e+00
1.800000e+02 2.673854e-03 7.149493e-06 2.811122e+02 6.310562e+00
1.810000e+02 2.656367e-03 7.056286e-06 2.800561e+02 6.241776e+00
1.820000e+02 2.639672e-03 6.967866e-06 2.791117e+02 6.173745e+00
1.830000e+02 2.623720e-03 6.883907e-06 2.782669e+02 6.106457e+00
1.840000e+02 2.608194e-03 6.802675e-06 2.774940e+02 6.039900e+00
1.850000e+02 2.592667e-03 6.721924e-06 2.767777e+02 5.974062e+00
1.860000e+02 2.577158e-03 6.641744e-06 2.761116e+02 5.908931e+00
1.870000e+02 2.561752e-03 6.562574e-06 2.755065e+02 5.844497e+00
1.880000e+02 2.546342e-03 6.483857e-06 2.749625e+02 5.780748e+00
1.890000e+02 2.530926e-03 6.405589e-06 2.744655e+02 5.717674e+00
1.900000e+02 2.515554e-03 6.328010e-06 2.740286e+02 5.655273e+00
1.910000e+02 2.500512e-03 6.252559e-06 2.736757e+02 5.593586e+00
1.920000e+02 2.486023e-03 6.180312e-06 2.734012e+02 5.532865e+00
1.930000e+02 2.472551e-03 6.113507e-06 2.732100e+02 5.473768e+00
1.940000e+02 2.460776e-03 6.055420e-06 2.731005e+02 5.414700e+00
1.950000e+02 2.451209e-03 6.008426e-06 2.730881e+02 5.356377e+00
1.960000e+02 2.443711e-03 5.971725e-06 2.731601e+02 5.298276e+00
1.970000e+02 2.438075e-03 5.944210e-06 2.733057e+02 5.240766e+00
1.980000e+02 2.434192e-03 5.925293e-06 2.735271e+02 5.183578e+00
1.990000e+02 2.431994e-03 5.914596e-06 2.738286e+02 5.126826e+00
