**************************************************
*            H E D A C   s e a r c h             *
**************************************************
Started on: 2024-11-19 14:50:43.940635

Parameters:
         method: hedac
          x_min:      0.000
          x_max:    149.000
             dx:      1.000
          y_min:      0.000
          y_max:    307.000
             dy:      1.000

          alpha:      1.000
           beta:      0.500
          gamma:      0.100
          kappa:      0.000
             nu:      0.001
        sigma_m:      1.000
        sigma_c:      2.000
       sigma_ac:      0.100
         source:          difsource

         agents:         40
                   60.000,     52.000
                  113.000,    265.000
                   58.000,     55.000
                   63.000,     93.000
                   86.000,    245.000
                   53.000,     89.000
                   97.000,     51.000
                   99.000,     92.000
                   87.000,     21.000
                  126.000,    242.000
                   63.000,    236.000
                   89.000,    283.000
                   44.000,    149.000
                   57.000,     97.000
                   48.000,    200.000
                   78.000,    292.000
                   62.000,     46.000
                   55.000,    196.000
                   48.000,    189.000
                   76.000,    245.000
                   58.000,     48.000
                   39.000,    122.000
                   93.000,    108.000
                   65.000,     91.000
                   91.000,    127.000
                  106.000,    264.000
                   82.000,    184.000
                   82.000,    140.000
                  114.000,    266.000
                  100.000,    283.000
                   67.000,    158.000
                   90.000,    255.000
                   44.000,    186.000
                  114.000,    260.000
                   66.000,     36.000
                   71.000,    293.000
                   38.000,    164.000
                   77.000,     13.000
                   61.000,    225.000
                   44.000,    217.000
