**************************************************
*            H E D A C   s e a r c h             *
**************************************************
Started on: 2024-11-19 17:01:14.570494

Parameters:
         method: hedac
          x_min:      0.000
          x_max:    456.000
             dx:      1.000
          y_min:      0.000
          y_max:    478.000
             dy:      1.000

          alpha:      1.000
           beta:      0.500
          gamma:      0.100
          kappa:      0.000
             nu:      0.001
        sigma_m:      1.000
        sigma_c:      2.000
       sigma_ac:      0.100
         source:          difsource

         agents:         40
                   76.000,     81.000
                   82.000,    218.000
                  277.000,    309.000
                  130.000,    152.000
                  428.000,    157.000
                   75.000,    195.000
                  122.000,    130.000
                   42.000,     50.000
                  260.000,    250.000
                  147.000,    257.000
                  341.000,     97.000
                   80.000,    200.000
                  197.000,    113.000
                  261.000,    301.000
                   62.000,    129.000
                  211.000,    446.000
                   66.000,    179.000
                  258.000,    244.000
                   65.000,    240.000
                  108.000,    236.000
                   52.000,     59.000
                   64.000,    119.000
                  259.000,    207.000
                   11.000,     39.000
                   60.000,     74.000
                  192.000,    297.000
                  173.000,     46.000
                  270.000,    310.000
                  196.000,    427.000
                  249.000,    183.000
                   31.000,     47.000
                  167.000,    325.000
                  114.000,    251.000
                  113.000,    240.000
                  299.000,     41.000
                  211.000,    267.000
                  194.000,    204.000
                   68.000,    180.000
                  342.000,    104.000
                  173.000,    311.000
