**************************************************
*            H E D A C   s e a r c h             *
**************************************************
Started on: 2024-11-19 14:50:31.069477

Parameters:
         method: hedac
          x_min:      0.000
          x_max:    149.000
             dx:      1.000
          y_min:      0.000
          y_max:    307.000
             dy:      1.000

          alpha:      1.000
           beta:      0.500
          gamma:      0.100
          kappa:      0.000
             nu:      0.001
        sigma_m:      1.000
        sigma_c:      2.000
       sigma_ac:      0.100
         source:          difsource

         agents:         40
                   37.000,    138.000
                   52.000,    113.000
                  111.000,    226.000
                   80.000,    191.000
                   40.000,    162.000
                   95.000,    112.000
                   53.000,    238.000
                  124.000,     86.000
                  118.000,     87.000
                   63.000,     71.000
                   34.000,    174.000
                   76.000,     19.000
                  101.000,     71.000
                   42.000,    195.000
                   58.000,    152.000
                  115.000,    229.000
                   69.000,     42.000
                   90.000,     40.000
                   72.000,     27.000
                   43.000,    138.000
                   87.000,     16.000
                   60.000,     82.000
                   58.000,     71.000
                   60.000,    224.000
                   37.000,    186.000
                   81.000,    253.000
                  121.000,     79.000
                   66.000,    183.000
                  118.000,    258.000
                   75.000,    299.000
                   50.000,    165.000
                   81.000,     21.000
                   35.000,    204.000
                  106.000,     80.000
                   89.000,    128.000
                   93.000,    133.000
                   43.000,    199.000
                   85.000,    145.000
                   74.000,     72.000
                   79.000,     17.000
