**************************************************
*            H E D A C   s e a r c h             *
**************************************************
Started on: 2024-11-05 16:05:51.238118

Parameters:
         method: hedac
          x_min:      0.000
          x_max:    226.000
             dx:      1.000
          y_min:      0.000
          y_max:    315.000
             dy:      1.000

          alpha:      1.000
           beta:      0.500
          gamma:      0.100
          kappa:      0.000
             nu:      0.001
        sigma_m:      1.000
        sigma_c:      2.000
       sigma_ac:      0.100
         source:          difsource

         agents:         40
                   30.000,    207.000
                  210.000,    127.000
                  138.000,    237.000
                   98.000,    192.000
                  190.000,     99.000
                  162.000,     41.000
                   42.000,    244.000
                   92.000,    286.000
                   65.000,    308.000
                  177.000,    150.000
                  180.000,    126.000
                  148.000,     56.000
                   47.000,    215.000
                  159.000,    218.000
                  150.000,    183.000
                   45.000,    225.000
                  168.000,    125.000
                  106.000,    230.000
                   40.000,    213.000
                  158.000,    128.000
                  176.000,    117.000
                  161.000,     99.000
                  176.000,     98.000
                   79.000,    240.000
                  171.000,    145.000
                  175.000,     74.000
                  174.000,     78.000
                   67.000,    294.000
                   23.000,    218.000
                  168.000,    138.000
                  175.000,    114.000
                  101.000,    197.000
                  171.000,    198.000
                   45.000,    214.000
                   77.000,    233.000
                   80.000,    194.000
                  175.000,    111.000
                   86.000,    297.000
                  137.000,    217.000
                  154.000,    146.000
