**************************************************
*            H E D A C   s e a r c h             *
**************************************************
Started on: 2024-11-05 16:14:57.496603

Parameters:
         method: hedac
          x_min:      0.000
          x_max:    226.000
             dx:      1.000
          y_min:      0.000
          y_max:    315.000
             dy:      1.000

          alpha:      1.000
           beta:      0.500
          gamma:      0.100
          kappa:      0.000
             nu:      0.001
        sigma_m:      1.000
        sigma_c:      2.000
       sigma_ac:      0.100
         source:          difsource

         agents:         40
                  137.000,    243.000
                  177.000,    101.000
                  109.000,    195.000
                   90.000,    122.000
                   42.000,    210.000
                  106.000,    270.000
                   58.000,    312.000
                  173.000,    190.000
                  133.000,    240.000
                   30.000,    216.000
                  143.000,    130.000
                   98.000,    280.000
                   37.000,    228.000
                  147.000,    224.000
                  107.000,    196.000
                  129.000,    189.000
                   99.000,    286.000
                   25.000,    211.000
                  141.000,    168.000
                  160.000,     74.000
                  134.000,     46.000
                  170.000,    116.000
                  188.000,    138.000
                  191.000,    127.000
                  131.000,    185.000
                   78.000,    296.000
                  116.000,    218.000
                   66.000,    245.000
                   49.000,    226.000
                  106.000,    195.000
                   58.000,    252.000
                   16.000,    234.000
                  192.000,    123.000
                  215.000,    122.000
                  166.000,    141.000
                  191.000,    123.000
                  166.000,    142.000
                  171.000,    142.000
                  179.000,    103.000
                  223.000,    131.000
