           t           E1           E2           E3           E4
0.000000e+00 2.374439e-02 5.637961e-04 1.434506e+03 9.391276e+01
1.000000e+00 2.307552e-02 5.324796e-04 1.410905e+03 8.476708e+01
2.000000e+00 2.224985e-02 4.950559e-04 1.386199e+03 7.457587e+01
3.000000e+00 2.132762e-02 4.548673e-04 1.360458e+03 6.595274e+01
4.000000e+00 2.040885e-02 4.165213e-04 1.333529e+03 6.140560e+01
5.000000e+00 1.950897e-02 3.805998e-04 1.305983e+03 5.875180e+01
6.000000e+00 1.862265e-02 3.468030e-04 1.278418e+03 5.598725e+01
7.000000e+00 1.775132e-02 3.151093e-04 1.250882e+03 5.206094e+01
8.000000e+00 1.691888e-02 2.862485e-04 1.223318e+03 4.738937e+01
9.000000e+00 1.616023e-02 2.611532e-04 1.195478e+03 4.258375e+01
1.000000e+01 1.547294e-02 2.394120e-04 1.167263e+03 3.813241e+01
1.100000e+01 1.484908e-02 2.204952e-04 1.138802e+03 3.552556e+01
1.200000e+01 1.429961e-02 2.044789e-04 1.110606e+03 3.450738e+01
1.300000e+01 1.381370e-02 1.908183e-04 1.082861e+03 3.314530e+01
1.400000e+01 1.337562e-02 1.789072e-04 1.055573e+03 3.198655e+01
1.500000e+01 1.297005e-02 1.682221e-04 1.028621e+03 3.060607e+01
1.600000e+01 1.258343e-02 1.583426e-04 1.001868e+03 2.934516e+01
1.700000e+01 1.221197e-02 1.491323e-04 9.754304e+02 2.813808e+01
1.800000e+01 1.185385e-02 1.405138e-04 9.494387e+02 2.689290e+01
1.900000e+01 1.150728e-02 1.324176e-04 9.239936e+02 2.565459e+01
2.000000e+01 1.117029e-02 1.247754e-04 8.990960e+02 2.434051e+01
2.100000e+01 1.084434e-02 1.175997e-04 8.747900e+02 2.364526e+01
2.200000e+01 1.053020e-02 1.108851e-04 8.511127e+02 2.363820e+01
2.300000e+01 1.023035e-02 1.046600e-04 8.280900e+02 2.331033e+01
2.400000e+01 9.952001e-03 9.904233e-05 8.057782e+02 2.257360e+01
2.500000e+01 9.697790e-03 9.404714e-05 7.842353e+02 2.163925e+01
2.600000e+01 9.464244e-03 8.957191e-05 7.633582e+02 2.065441e+01
2.700000e+01 9.247280e-03 8.551219e-05 7.429975e+02 1.969600e+01
2.800000e+01 9.042576e-03 8.176818e-05 7.231379e+02 1.879274e+01
2.900000e+01 8.846924e-03 7.826806e-05 7.039095e+02 1.794867e+01
3.000000e+01 8.658615e-03 7.497161e-05 6.854563e+02 1.715999e+01
3.100000e+01 8.476229e-03 7.184646e-05 6.678166e+02 1.642176e+01
3.200000e+01 8.300108e-03 6.889179e-05 6.509195e+02 1.572933e+01
3.300000e+01 8.132984e-03 6.614543e-05 6.346833e+02 1.507858e+01
3.400000e+01 7.979663e-03 6.367502e-05 6.190708e+02 1.446585e+01
3.500000e+01 7.842276e-03 6.150130e-05 6.039873e+02 1.388790e+01
3.600000e+01 7.719589e-03 5.959206e-05 5.893644e+02 1.336534e+01
3.700000e+01 7.607529e-03 5.787450e-05 5.751155e+02 1.298145e+01
3.800000e+01 7.502050e-03 5.628075e-05 5.612321e+02 1.330845e+01
3.900000e+01 7.401517e-03 5.478246e-05 5.477601e+02 1.330993e+01
4.000000e+01 7.304808e-03 5.336022e-05 5.347028e+02 1.309421e+01
4.100000e+01 7.212395e-03 5.201864e-05 5.220125e+02 1.277724e+01
4.200000e+01 7.125586e-03 5.077398e-05 5.096873e+02 1.243051e+01
4.300000e+01 7.040531e-03 4.956908e-05 4.976445e+02 1.208534e+01
4.400000e+01 6.950886e-03 4.831482e-05 4.858415e+02 1.175190e+01
4.500000e+01 6.855759e-03 4.700144e-05 4.743548e+02 1.143229e+01
4.600000e+01 6.756823e-03 4.565466e-05 4.632618e+02 1.112630e+01
4.700000e+01 6.656277e-03 4.430603e-05 4.525610e+02 1.083322e+01
4.800000e+01 6.553294e-03 4.294566e-05 4.422500e+02 1.055228e+01
4.900000e+01 6.446832e-03 4.156164e-05 4.323213e+02 1.028275e+01
5.000000e+01 6.337091e-03 4.015873e-05 4.227905e+02 1.002395e+01
5.100000e+01 6.224419e-03 3.874339e-05 4.137594e+02 9.775256e+00
5.200000e+01 6.108710e-03 3.731634e-05 4.052220e+02 9.536083e+00
5.300000e+01 5.991411e-03 3.589701e-05 3.971836e+02 9.305901e+00
5.400000e+01 5.875678e-03 3.452359e-05 3.895730e+02 9.084224e+00
5.500000e+01 5.764321e-03 3.322740e-05 3.823902e+02 8.870627e+00
5.600000e+01 5.658259e-03 3.201589e-05 3.757008e+02 8.664795e+00
5.700000e+01 5.558478e-03 3.089668e-05 3.694424e+02 8.466659e+00
5.800000e+01 5.465972e-03 2.987685e-05 3.635715e+02 8.276629e+00
5.900000e+01 5.383072e-03 2.897747e-05 3.580361e+02 8.094570e+00
6.000000e+01 5.309525e-03 2.819105e-05 3.527871e+02 7.918236e+00
6.100000e+01 5.243747e-03 2.749688e-05 3.477805e+02 7.746323e+00
6.200000e+01 5.183177e-03 2.686533e-05 3.429866e+02 7.578950e+00
6.300000e+01 5.125329e-03 2.626899e-05 3.384010e+02 7.416372e+00
6.400000e+01 5.068670e-03 2.569142e-05 3.340249e+02 7.304997e+00
6.500000e+01 5.011706e-03 2.511719e-05 3.298872e+02 7.423109e+00
6.600000e+01 4.953880e-03 2.454093e-05 3.259823e+02 7.408077e+00
6.700000e+01 4.896438e-03 2.397510e-05 3.223083e+02 7.306151e+00
6.800000e+01 4.840880e-03 2.343412e-05 3.189021e+02 7.250936e+00
6.900000e+01 4.786934e-03 2.291473e-05 3.158036e+02 7.250325e+00
7.000000e+01 4.733759e-03 2.240848e-05 3.130328e+02 7.249001e+00
7.100000e+01 4.680553e-03 2.190757e-05 3.105576e+02 7.246012e+00
7.200000e+01 4.627141e-03 2.141043e-05 3.083464e+02 7.239334e+00
7.300000e+01 4.574070e-03 2.092211e-05 3.063643e+02 7.226449e+00
7.400000e+01 4.522622e-03 2.045411e-05 3.045241e+02 7.206556e+00
7.500000e+01 4.474308e-03 2.001943e-05 3.027679e+02 7.170211e+00
7.600000e+01 4.430851e-03 1.963244e-05 3.010493e+02 7.107827e+00
7.700000e+01 4.392315e-03 1.929243e-05 2.993402e+02 7.000218e+00
7.800000e+01 4.358544e-03 1.899690e-05 2.976317e+02 6.844702e+00
7.900000e+01 4.327538e-03 1.872759e-05 2.959007e+02 6.632018e+00
8.000000e+01 4.298602e-03 1.847798e-05 2.941185e+02 6.319411e+00
8.100000e+01 4.272175e-03 1.825148e-05 2.922285e+02 5.892944e+00
8.200000e+01 4.249026e-03 1.805422e-05 2.902546e+02 5.513531e+00
8.300000e+01 4.229255e-03 1.788660e-05 2.882108e+02 5.506347e+00
8.400000e+01 4.212469e-03 1.774489e-05 2.861042e+02 5.449715e+00
8.500000e+01 4.197412e-03 1.761827e-05 2.839428e+02 5.481749e+00
8.600000e+01 4.181995e-03 1.748908e-05 2.817455e+02 5.513039e+00
8.700000e+01 4.165783e-03 1.735374e-05 2.794834e+02 5.543614e+00
8.800000e+01 4.150308e-03 1.722505e-05 2.771359e+02 5.573501e+00
8.900000e+01 4.136937e-03 1.711425e-05 2.747172e+02 5.602719e+00
9.000000e+01 4.125091e-03 1.701638e-05 2.722609e+02 5.631290e+00
9.100000e+01 4.113485e-03 1.692076e-05 2.697889e+02 5.659235e+00
9.200000e+01 4.100998e-03 1.681818e-05 2.673139e+02 5.686574e+00
9.300000e+01 4.086963e-03 1.670326e-05 2.648564e+02 5.713326e+00
9.400000e+01 4.070859e-03 1.657190e-05 2.624074e+02 5.739510e+00
9.500000e+01 4.051969e-03 1.641845e-05 2.599686e+02 5.773402e+00
9.600000e+01 4.030253e-03 1.624294e-05 2.575434e+02 5.866586e+00
9.700000e+01 4.004701e-03 1.603763e-05 2.551510e+02 5.859696e+00
9.800000e+01 3.975684e-03 1.580606e-05 2.528005e+02 5.850058e+00
9.900000e+01 3.944297e-03 1.555748e-05 2.504849e+02 5.885665e+00
1.000000e+02 3.910913e-03 1.529524e-05 2.482119e+02 5.920562e+00
1.010000e+02 3.876201e-03 1.502493e-05 2.459970e+02 5.954769e+00
1.020000e+02 3.840821e-03 1.475190e-05 2.438789e+02 5.988307e+00
1.030000e+02 3.805344e-03 1.448064e-05 2.418621e+02 6.021195e+00
1.040000e+02 3.769946e-03 1.421249e-05 2.399223e+02 6.053452e+00
1.050000e+02 3.734153e-03 1.394390e-05 2.380552e+02 6.085096e+00
1.060000e+02 3.697265e-03 1.366977e-05 2.362713e+02 6.116144e+00
1.070000e+02 3.658508e-03 1.338468e-05 2.345845e+02 6.146613e+00
1.080000e+02 3.617607e-03 1.308708e-05 2.329927e+02 6.176519e+00
1.090000e+02 3.575119e-03 1.278147e-05 2.314653e+02 6.205878e+00
1.100000e+02 3.531992e-03 1.247497e-05 2.299921e+02 6.234704e+00
1.110000e+02 3.488815e-03 1.217183e-05 2.285850e+02 6.263011e+00
1.120000e+02 3.445937e-03 1.187448e-05 2.272502e+02 6.290814e+00
1.130000e+02 3.403767e-03 1.158563e-05 2.260046e+02 6.318126e+00
1.140000e+02 3.363785e-03 1.131505e-05 2.248621e+02 6.344960e+00
1.150000e+02 3.327778e-03 1.107410e-05 2.238582e+02 6.371328e+00
1.160000e+02 3.296911e-03 1.086962e-05 2.229986e+02 6.397242e+00
1.170000e+02 3.271905e-03 1.070536e-05 2.222750e+02 6.422711e+00
1.180000e+02 3.253473e-03 1.058508e-05 2.216728e+02 6.447728e+00
1.190000e+02 3.241154e-03 1.050508e-05 2.211694e+02 6.472156e+00
1.200000e+02 3.234512e-03 1.046207e-05 2.207455e+02 6.495177e+00
1.210000e+02 3.232622e-03 1.044985e-05 2.203903e+02 6.513173e+00
1.220000e+02 3.233185e-03 1.045348e-05 2.200933e+02 6.514137e+00
1.230000e+02 3.233773e-03 1.045729e-05 2.198519e+02 6.468678e+00
1.240000e+02 3.233284e-03 1.045412e-05 2.196656e+02 6.325975e+00
1.250000e+02 3.231716e-03 1.044399e-05 2.195535e+02 6.032248e+00
1.260000e+02 3.229672e-03 1.043078e-05 2.195113e+02 5.626271e+00
1.270000e+02 3.227574e-03 1.041723e-05 2.195250e+02 5.353997e+00
1.280000e+02 3.225339e-03 1.040281e-05 2.195591e+02 5.311488e+00
1.290000e+02 3.222867e-03 1.038687e-05 2.195918e+02 5.269024e+00
1.300000e+02 3.220301e-03 1.037034e-05 2.196189e+02 5.227112e+00
1.310000e+02 3.216834e-03 1.034802e-05 2.196220e+02 5.185826e+00
1.320000e+02 3.211559e-03 1.031411e-05 2.195896e+02 5.145164e+00
1.330000e+02 3.203639e-03 1.026330e-05 2.194981e+02 5.105111e+00
1.340000e+02 3.192777e-03 1.019383e-05 2.193353e+02 5.065656e+00
1.350000e+02 3.179719e-03 1.011061e-05 2.190915e+02 5.026784e+00
1.360000e+02 3.165449e-03 1.002007e-05 2.187668e+02 4.988482e+00
1.370000e+02 3.150649e-03 9.926586e-06 2.183783e+02 4.950739e+00
1.380000e+02 3.135999e-03 9.834493e-06 2.179550e+02 4.913542e+00
1.390000e+02 3.121407e-03 9.743182e-06 2.175310e+02 4.876879e+00
1.400000e+02 3.106458e-03 9.650079e-06 2.171063e+02 4.840739e+00
1.410000e+02 3.091224e-03 9.555669e-06 2.166797e+02 4.805111e+00
1.420000e+02 3.076139e-03 9.462633e-06 2.162467e+02 4.769984e+00
1.430000e+02 3.062105e-03 9.376490e-06 2.158058e+02 4.735347e+00
1.440000e+02 3.050072e-03 9.302937e-06 2.153740e+02 4.701191e+00
1.450000e+02 3.040358e-03 9.243776e-06 2.149379e+02 4.667505e+00
1.460000e+02 3.032861e-03 9.198246e-06 2.144989e+02 4.634280e+00
1.470000e+02 3.027138e-03 9.163564e-06 2.140853e+02 4.601506e+00
1.480000e+02 3.022899e-03 9.137920e-06 2.137095e+02 4.569174e+00
1.490000e+02 3.019060e-03 9.114724e-06 2.133803e+02 4.537276e+00
1.500000e+02 3.014922e-03 9.089752e-06 2.130899e+02 4.505802e+00
1.510000e+02 3.010287e-03 9.061827e-06 2.128284e+02 4.474745e+00
1.520000e+02 3.005012e-03 9.030096e-06 2.125967e+02 4.444096e+00
1.530000e+02 2.999039e-03 8.994237e-06 2.124073e+02 4.413846e+00
1.540000e+02 2.992397e-03 8.954437e-06 2.122797e+02 4.383989e+00
1.550000e+02 2.985492e-03 8.913165e-06 2.122297e+02 4.354517e+00
1.560000e+02 2.978541e-03 8.871707e-06 2.122547e+02 4.325422e+00
1.570000e+02 2.971429e-03 8.829390e-06 2.123526e+02 4.371359e+00
1.580000e+02 2.964109e-03 8.785943e-06 2.125335e+02 4.537962e+00
1.590000e+02 2.956896e-03 8.743235e-06 2.128038e+02 4.729586e+00
1.600000e+02 2.949908e-03 8.701958e-06 2.131692e+02 4.913643e+00
1.610000e+02 2.943721e-03 8.665494e-06 2.136310e+02 5.031075e+00
1.620000e+02 2.939010e-03 8.637777e-06 2.141953e+02 5.082701e+00
1.630000e+02 2.936180e-03 8.621152e-06 2.148731e+02 5.092199e+00
1.640000e+02 2.935437e-03 8.616788e-06 2.156742e+02 5.078112e+00
1.650000e+02 2.937366e-03 8.628122e-06 2.166187e+02 5.071834e+00
1.660000e+02 2.941196e-03 8.650634e-06 2.177168e+02 5.071542e+00
1.670000e+02 2.945534e-03 8.676171e-06 2.189825e+02 5.061748e+00
1.680000e+02 2.949380e-03 8.698842e-06 2.204095e+02 5.051349e+00
1.690000e+02 2.952085e-03 8.714806e-06 2.219692e+02 5.034261e+00
1.700000e+02 2.953049e-03 8.720501e-06 2.236083e+02 5.007242e+00
1.710000e+02 2.951893e-03 8.713675e-06 2.252880e+02 4.976089e+00
1.720000e+02 2.948322e-03 8.692602e-06 2.269848e+02 4.944014e+00
1.730000e+02 2.942304e-03 8.657153e-06 2.287171e+02 4.912004e+00
1.740000e+02 2.934411e-03 8.610770e-06 2.305015e+02 4.880293e+00
1.750000e+02 2.926106e-03 8.562095e-06 2.323488e+02 4.848920e+00
1.760000e+02 2.919602e-03 8.524076e-06 2.342610e+02 4.817892e+00
1.770000e+02 2.916263e-03 8.504590e-06 2.362397e+02 4.787210e+00
1.780000e+02 2.916140e-03 8.503875e-06 2.382725e+02 4.756870e+00
1.790000e+02 2.918757e-03 8.519141e-06 2.403455e+02 4.726870e+00
1.800000e+02 2.923363e-03 8.546049e-06 2.424517e+02 4.697202e+00
1.810000e+02 2.929180e-03 8.580094e-06 2.445784e+02 4.667861e+00
1.820000e+02 2.935977e-03 8.619964e-06 2.467094e+02 4.638843e+00
1.830000e+02 2.943299e-03 8.663007e-06 2.488595e+02 4.818184e+00
1.840000e+02 2.950058e-03 8.702843e-06 2.510318e+02 5.066460e+00
1.850000e+02 2.955922e-03 8.737472e-06 2.532207e+02 5.216286e+00
1.860000e+02 2.961385e-03 8.769803e-06 2.554239e+02 5.275042e+00
1.870000e+02 2.966882e-03 8.802386e-06 2.576316e+02 5.271355e+00
1.880000e+02 2.972763e-03 8.837319e-06 2.598508e+02 5.235595e+00
1.890000e+02 2.979138e-03 8.875265e-06 2.620807e+02 5.185453e+00
1.900000e+02 2.985585e-03 8.913721e-06 2.643013e+02 5.129796e+00
1.910000e+02 2.992344e-03 8.954122e-06 2.664996e+02 5.072181e+00
1.920000e+02 2.999116e-03 8.994695e-06 2.686841e+02 5.014349e+00
1.930000e+02 3.005419e-03 9.032543e-06 2.708440e+02 4.956954e+00
1.940000e+02 3.010939e-03 9.065755e-06 2.729880e+02 4.900120e+00
1.950000e+02 3.015564e-03 9.093626e-06 2.751035e+02 4.843864e+00
1.960000e+02 3.019011e-03 9.114426e-06 2.771811e+02 4.788180e+00
1.970000e+02 3.021017e-03 9.126545e-06 2.792088e+02 4.733061e+00
1.980000e+02 3.021531e-03 9.129651e-06 2.811802e+02 4.678498e+00
1.990000e+02 3.020586e-03 9.123938e-06 2.830911e+02 4.624483e+00
