**************************************************
*            H E D A C   s e a r c h             *
**************************************************
Started on: 2024-11-19 14:00:33.812509

Parameters:
         method: hedac
          x_min:      0.000
          x_max:    193.000
             dx:      1.000
          y_min:      0.000
          y_max:    226.000
             dy:      1.000

          alpha:      1.000
           beta:      0.500
          gamma:      0.100
          kappa:      0.000
             nu:      0.001
        sigma_m:      1.000
        sigma_c:      2.000
       sigma_ac:      0.100
         source:          difsource

         agents:         40
                  142.000,    196.000
                   59.000,    106.000
                   33.000,    187.000
                   85.000,    176.000
                  144.000,    107.000
                  155.000,    180.000
                   89.000,    141.000
                  110.000,     93.000
                   65.000,    173.000
                   55.000,    157.000
                   66.000,    180.000
                  127.000,     15.000
                   84.000,     60.000
                   81.000,    137.000
                  167.000,    177.000
                   87.000,    142.000
                  158.000,    124.000
                   39.000,    211.000
                   77.000,    170.000
                  156.000,    142.000
                  126.000,     18.000
                  158.000,    125.000
                   90.000,     57.000
                  106.000,    154.000
                   82.000,    115.000
                   75.000,    110.000
                   37.000,    193.000
                  119.000,      6.000
                   37.000,    182.000
                   84.000,    145.000
                  157.000,    182.000
                   82.000,    149.000
                  158.000,    118.000
                  126.000,     15.000
                  106.000,     68.000
                  117.000,    165.000
                   50.000,    176.000
                  119.000,     91.000
                  167.000,    125.000
                  154.000,    184.000
