**************************************************
*            H E D A C   s e a r c h             *
**************************************************
Started on: 2024-11-05 15:57:13.622228

Parameters:
         method: hedac
          x_min:      0.000
          x_max:    226.000
             dx:      1.000
          y_min:      0.000
          y_max:    315.000
             dy:      1.000

          alpha:      1.000
           beta:      0.500
          gamma:      0.100
          kappa:      0.000
             nu:      0.001
        sigma_m:      1.000
        sigma_c:      2.000
       sigma_ac:      0.100
         source:          difsource

         agents:         40
                   48.000,    249.000
                  185.000,    151.000
                  225.000,    124.000
                  105.000,    271.000
                  170.000,    142.000
                   62.000,    307.000
                   54.000,    211.000
                  115.000,    263.000
                   75.000,    235.000
                   63.000,    237.000
                   17.000,    237.000
                  102.000,    207.000
                  185.000,    121.000
                  184.000,    129.000
                  168.000,    133.000
                   48.000,    208.000
                  177.000,     96.000
                  162.000,     59.000
                  111.000,    223.000
                  164.000,    194.000
                  173.000,     75.000
                  112.000,    220.000
                   26.000,    228.000
                  174.000,     94.000
                   87.000,    228.000
                  141.000,    223.000
                   31.000,    206.000
                  174.000,    115.000
                   50.000,    230.000
                  165.000,     69.000
                   33.000,    207.000
                  197.000,    125.000
                  153.000,    208.000
                  123.000,    211.000
                  157.000,     66.000
                   17.000,    227.000
                  109.000,    201.000
                   50.000,    246.000
                  165.000,    145.000
                   65.000,    302.000
