**************************************************
*            H E D A C   s e a r c h             *
**************************************************
Started on: 2024-11-19 17:42:15.484126

Parameters:
         method: hedac
          x_min:      0.000
          x_max:    456.000
             dx:      1.000
          y_min:      0.000
          y_max:    478.000
             dy:      1.000

          alpha:      1.000
           beta:      0.500
          gamma:      0.100
          kappa:      0.000
             nu:      0.001
        sigma_m:      1.000
        sigma_c:      2.000
       sigma_ac:      0.100
         source:          difsource

         agents:         40
                  276.000,     50.000
                  231.000,    113.000
                  233.000,    304.000
                  254.000,    141.000
                  102.000,    227.000
                  250.000,    183.000
                   38.000,     64.000
                  173.000,    307.000
                  255.000,    199.000
                  153.000,     51.000
                  120.000,    255.000
                  155.000,    371.000
                  254.000,    211.000
                  233.000,     24.000
                  156.000,    104.000
                  175.000,    311.000
                   49.000,     55.000
                  175.000,    312.000
                  210.000,    312.000
                   34.000,     51.000
                  253.000,    159.000
                  218.000,    112.000
                  196.000,    200.000
                  163.000,    299.000
                  248.000,     38.000
                  157.000,    243.000
                  260.000,    313.000
                   99.000,    272.000
                   43.000,     58.000
                   82.000,    181.000
                  254.000,    188.000
                  179.000,     29.000
                  199.000,    431.000
                  126.000,    125.000
                  397.000,    139.000
                   66.000,     70.000
                  150.000,    296.000
                  192.000,    186.000
                  333.000,     73.000
                  148.000,    251.000
