**************************************************
*            H E D A C   s e a r c h             *
**************************************************
Started on: 2024-11-19 14:47:17.193798

Parameters:
         method: hedac
          x_min:      0.000
          x_max:    149.000
             dx:      1.000
          y_min:      0.000
          y_max:    307.000
             dy:      1.000

          alpha:      1.000
           beta:      0.500
          gamma:      0.100
          kappa:      0.000
             nu:      0.001
        sigma_m:      1.000
        sigma_c:      2.000
       sigma_ac:      0.100
         source:          difsource

         agents:         40
                   80.000,    248.000
                  116.000,    250.000
                  121.000,    238.000
                   71.000,    158.000
                  100.000,    274.000
                  126.000,     85.000
                   59.000,     54.000
                  114.000,    265.000
                   86.000,     46.000
                   55.000,    193.000
                   82.000,    249.000
                   90.000,    257.000
                  110.000,     73.000
                  107.000,    281.000
                   60.000,    254.000
                   60.000,     68.000
                   83.000,    144.000
                   41.000,    125.000
                   77.000,     27.000
                   41.000,    185.000
                   91.000,     86.000
                   56.000,    225.000
                  102.000,     92.000
                   66.000,     42.000
                   85.000,    186.000
                  111.000,    223.000
                  106.000,     77.000
                   57.000,    118.000
                   43.000,    137.000
                   42.000,    141.000
                   53.000,    236.000
                   57.000,    252.000
                   92.000,     35.000
                   37.000,    168.000
                   46.000,    125.000
                   63.000,     41.000
                   58.000,    196.000
                   83.000,    116.000
                  108.000,     84.000
                   69.000,    184.000
