**************************************************
*            H E D A C   s e a r c h             *
**************************************************
Started on: 2024-11-05 16:01:10.504994

Parameters:
         method: hedac
          x_min:      0.000
          x_max:    226.000
             dx:      1.000
          y_min:      0.000
          y_max:    315.000
             dy:      1.000

          alpha:      1.000
           beta:      0.500
          gamma:      0.100
          kappa:      0.000
             nu:      0.001
        sigma_m:      1.000
        sigma_c:      2.000
       sigma_ac:      0.100
         source:          difsource

         agents:         40
                  172.000,    134.000
                  100.000,    227.000
                  151.000,     30.000
                  176.000,    110.000
                  178.000,    136.000
                   60.000,    220.000
                  143.000,    174.000
                  145.000,    222.000
                  137.000,     96.000
                  156.000,     73.000
                  142.000,    226.000
                  122.000,    121.000
                   54.000,    252.000
                   63.000,    219.000
                  158.000,    104.000
                  104.000,    120.000
                  138.000,    133.000
                   65.000,    304.000
                  144.000,     30.000
                   11.000,    232.000
                  111.000,    129.000
                   31.000,    220.000
                  165.000,    136.000
                  124.000,    193.000
                  151.000,     57.000
                  107.000,    267.000
                  135.000,    227.000
                  164.000,    137.000
                  152.000,     43.000
                  175.000,     99.000
                   43.000,    202.000
                   40.000,    226.000
                   58.000,    249.000
                  176.000,    134.000
                   29.000,    213.000
                  147.000,    183.000
                   14.000,    237.000
                   43.000,    217.000
                   62.000,    227.000
                  105.000,    198.000
