**************************************************
*            H E D A C   s e a r c h             *
**************************************************
Started on: 2024-11-05 15:57:13.671533

Parameters:
         method: hedac
          x_min:      0.000
          x_max:    226.000
             dx:      1.000
          y_min:      0.000
          y_max:    315.000
             dy:      1.000

          alpha:      1.000
           beta:      0.500
          gamma:      0.100
          kappa:      0.000
             nu:      0.001
        sigma_m:      1.000
        sigma_c:      2.000
       sigma_ac:      0.100
         source:          difsource

         agents:         40
                  106.000,    263.000
                   48.000,    205.000
                   47.000,    231.000
                  143.000,    218.000
                   86.000,    235.000
                  158.000,    135.000
                  170.000,    130.000
                  174.000,    133.000
                  132.000,    194.000
                   33.000,    212.000
                  101.000,    120.000
                   56.000,    256.000
                   95.000,    229.000
                  141.000,    133.000
                   85.000,    188.000
                  139.000,    149.000
                  101.000,    119.000
                  118.000,    218.000
                  170.000,    112.000
                  107.000,    267.000
                  177.000,    109.000
                   60.000,    218.000
                   29.000,    232.000
                  104.000,    189.000
                   56.000,    223.000
                  170.000,    109.000
                  123.000,    248.000
                  101.000,    127.000
                  164.000,    205.000
                  121.000,    248.000
                  175.000,    135.000
                   15.000,    248.000
                  171.000,     84.000
                  162.000,     70.000
                  133.000,    112.000
                  133.000,    185.000
                  146.000,     21.000
                   41.000,    231.000
                   24.000,    223.000
                   42.000,    205.000
