**************************************************
*            H E D A C   s e a r c h             *
**************************************************
Started on: 2024-11-19 14:47:10.134657

Parameters:
         method: hedac
          x_min:      0.000
          x_max:    149.000
             dx:      1.000
          y_min:      0.000
          y_max:    307.000
             dy:      1.000

          alpha:      1.000
           beta:      0.500
          gamma:      0.100
          kappa:      0.000
             nu:      0.001
        sigma_m:      1.000
        sigma_c:      2.000
       sigma_ac:      0.100
         source:          difsource

         agents:         40
                   70.000,    150.000
                   57.000,    201.000
                   82.000,     24.000
                   67.000,     75.000
                   33.000,    198.000
                   76.000,    295.000
                   57.000,    245.000
                  107.000,     91.000
                   64.000,     86.000
                   39.000,    183.000
                   33.000,    139.000
                   66.000,    157.000
                   61.000,    152.000
                   65.000,     83.000
                   46.000,    202.000
                  115.000,     78.000
                   52.000,    222.000
                   61.000,    106.000
                  111.000,    275.000
                   48.000,    131.000
                  117.000,    253.000
                  114.000,    241.000
                   43.000,    191.000
                   74.000,     80.000
                   51.000,     99.000
                   47.000,    190.000
                   49.000,    125.000
                  114.000,     88.000
                  111.000,    281.000
                   44.000,    156.000
                   45.000,    171.000
                   91.000,    113.000
                   69.000,     30.000
                  116.000,    262.000
                   67.000,    192.000
                  118.000,    264.000
                   95.000,     92.000
                   95.000,     97.000
                   88.000,     58.000
                   33.000,    190.000
