**************************************************
*            H E D A C   s e a r c h             *
**************************************************
Started on: 2024-11-19 14:42:22.748061

Parameters:
         method: hedac
          x_min:      0.000
          x_max:    149.000
             dx:      1.000
          y_min:      0.000
          y_max:    307.000
             dy:      1.000

          alpha:      1.000
           beta:      0.500
          gamma:      0.100
          kappa:      0.000
             nu:      0.001
        sigma_m:      1.000
        sigma_c:      2.000
       sigma_ac:      0.100
         source:          difsource

         agents:         40
                   93.000,     31.000
                  118.000,     86.000
                   51.000,    113.000
                  123.000,     83.000
                  118.000,     76.000
                   72.000,     69.000
                   99.000,    280.000
                   66.000,     34.000
                   88.000,    118.000
                   55.000,    201.000
                   91.000,     33.000
                   41.000,    145.000
                   50.000,    224.000
                   87.000,    191.000
                   65.000,    240.000
                  103.000,     73.000
                  114.000,     89.000
                   79.000,    298.000
                   67.000,     63.000
                  103.000,     71.000
                   81.000,     22.000
                   88.000,    142.000
                   91.000,     97.000
                   45.000,    200.000
                   56.000,    197.000
                   49.000,    193.000
                   75.000,    161.000
                   82.000,    295.000
                   38.000,    168.000
                   80.000,    290.000
                   89.000,    100.000
                   97.000,    276.000
                  115.000,    262.000
                   43.000,    179.000
                   93.000,    274.000
                   45.000,    197.000
                   83.000,    145.000
                   92.000,    100.000
                   75.000,     27.000
                   43.000,    159.000
