**************************************************
*            H E D A C   s e a r c h             *
**************************************************
Started on: 2024-11-19 16:41:45.163233

Parameters:
         method: hedac
          x_min:      0.000
          x_max:    456.000
             dx:      1.000
          y_min:      0.000
          y_max:    478.000
             dy:      1.000

          alpha:      1.000
           beta:      0.500
          gamma:      0.100
          kappa:      0.000
             nu:      0.001
        sigma_m:      1.000
        sigma_c:      2.000
       sigma_ac:      0.100
         source:          difsource

         agents:         40
                  148.000,     41.000
                  234.000,    305.000
                  266.000,     42.000
                  162.000,    364.000
                  259.000,    283.000
                  335.000,     71.000
                   66.000,    230.000
                  148.000,    284.000
                  122.000,    255.000
                  188.000,    102.000
                  128.000,    133.000
                  236.000,    459.000
                   64.000,    237.000
                  176.000,    178.000
                  335.000,     72.000
                  208.000,    215.000
                  253.000,    151.000
                  228.000,    300.000
                  314.000,     47.000
                  204.000,    163.000
                  246.000,     35.000
                  165.000,    242.000
                   60.000,    203.000
                   98.000,    233.000
                  136.000,    161.000
                  151.000,    273.000
                  187.000,     96.000
                  202.000,    443.000
                  159.000,    298.000
                   59.000,    191.000
                  173.000,    273.000
                  130.000,    138.000
                  204.000,    117.000
                  268.000,    227.000
                  198.000,      8.000
                  407.000,    141.000
                  269.000,     49.000
                  264.000,    123.000
                  221.000,    301.000
                  246.000,    171.000
