**************************************************
*            H E D A C   s e a r c h             *
**************************************************
Started on: 2024-11-19 14:01:15.640306

Parameters:
         method: hedac
          x_min:      0.000
          x_max:    193.000
             dx:      1.000
          y_min:      0.000
          y_max:    226.000
             dy:      1.000

          alpha:      1.000
           beta:      0.500
          gamma:      0.100
          kappa:      0.000
             nu:      0.001
        sigma_m:      1.000
        sigma_c:      2.000
       sigma_ac:      0.100
         source:          difsource

         agents:         40
                  141.000,    141.000
                  133.000,     92.000
                  132.000,    136.000
                   51.000,    154.000
                  183.000,     67.000
                  117.000,    194.000
                  168.000,    104.000
                  115.000,    130.000
                  144.000,    102.000
                  150.000,    151.000
                   54.000,    139.000
                   97.000,    142.000
                  142.000,    126.000
                  116.000,     95.000
                   30.000,    185.000
                   23.000,    211.000
                   99.000,     62.000
                   66.000,    107.000
                   77.000,    137.000
                  146.000,    125.000
                  104.000,     96.000
                   42.000,    194.000
                  151.000,    111.000
                  149.000,    196.000
                   98.000,     59.000
                   37.000,    195.000
                   40.000,    189.000
                   70.000,    151.000
                   96.000,     58.000
                  156.000,    123.000
                  160.000,    177.000
                  190.000,     77.000
                   68.000,    217.000
                  124.000,    193.000
                  175.000,     61.000
                  147.000,    143.000
                   93.000,     84.000
                  155.000,    119.000
                  155.000,    136.000
                   98.000,    147.000
