**************************************************
*            H E D A C   s e a r c h             *
**************************************************
Started on: 2024-11-05 15:57:13.669193

Parameters:
         method: hedac
          x_min:      0.000
          x_max:    226.000
             dx:      1.000
          y_min:      0.000
          y_max:    315.000
             dy:      1.000

          alpha:      1.000
           beta:      0.500
          gamma:      0.100
          kappa:      0.000
             nu:      0.001
        sigma_m:      1.000
        sigma_c:      2.000
       sigma_ac:      0.100
         source:          difsource

         agents:         40
                   87.000,    230.000
                  170.000,    133.000
                   40.000,    208.000
                  108.000,    193.000
                  104.000,    228.000
                  146.000,    190.000
                  126.000,    190.000
                  152.000,     60.000
                   29.000,    221.000
                  178.000,    132.000
                  140.000,     97.000
                  177.000,     91.000
                  198.000,    128.000
                  141.000,    135.000
                  181.000,    131.000
                  153.000,     58.000
                   39.000,    206.000
                  136.000,     46.000
                   56.000,    250.000
                   31.000,    224.000
                   71.000,    297.000
                  132.000,    170.000
                  153.000,    115.000
                   30.000,    230.000
                  156.000,    139.000
                   18.000,    242.000
                   83.000,    196.000
                  152.000,    153.000
                  196.000,     87.000
                  151.000,     18.000
                   34.000,    218.000
                  167.000,     99.000
                  155.000,    105.000
                  109.000,    255.000
                  193.000,    122.000
                   65.000,    315.000
                  162.000,     71.000
                   95.000,    225.000
                   98.000,    205.000
                  170.000,    115.000
