**************************************************
*            H E D A C   s e a r c h             *
**************************************************
Started on: 2024-11-19 17:22:50.182895

Parameters:
         method: hedac
          x_min:      0.000
          x_max:    456.000
             dx:      1.000
          y_min:      0.000
          y_max:    478.000
             dy:      1.000

          alpha:      1.000
           beta:      0.500
          gamma:      0.100
          kappa:      0.000
             nu:      0.001
        sigma_m:      1.000
        sigma_c:      2.000
       sigma_ac:      0.100
         source:          difsource

         agents:         40
                   63.000,    122.000
                   43.000,     34.000
                  138.000,    158.000
                  140.000,    163.000
                  164.000,    294.000
                  211.000,    112.000
                   71.000,     80.000
                  265.000,    232.000
                   70.000,     78.000
                   48.000,     55.000
                   81.000,    234.000
                  193.000,    113.000
                  370.000,    129.000
                  258.000,     39.000
                  323.000,     62.000
                  114.000,    265.000
                  234.000,    114.000
                  316.000,     41.000
                  225.000,    108.000
                   57.000,     59.000
                   71.000,    150.000
                  334.000,     77.000
                  119.000,    260.000
                  456.000,    171.000
                  341.000,     86.000
                  109.000,    246.000
                   96.000,    224.000
                  427.000,    147.000
                  448.000,    165.000
                  120.000,    249.000
                  158.000,     51.000
                  198.000,    292.000
                   72.000,    175.000
                  168.000,    246.000
                  302.000,     41.000
                  163.000,    379.000
                  127.000,    271.000
                   65.000,     97.000
                  162.000,    342.000
                   50.000,    156.000
