**************************************************
*            H E D A C   s e a r c h             *
**************************************************
Started on: 2024-11-19 17:03:28.769171

Parameters:
         method: hedac
          x_min:      0.000
          x_max:    456.000
             dx:      1.000
          y_min:      0.000
          y_max:    478.000
             dy:      1.000

          alpha:      1.000
           beta:      0.500
          gamma:      0.100
          kappa:      0.000
             nu:      0.001
        sigma_m:      1.000
        sigma_c:      2.000
       sigma_ac:      0.100
         source:          difsource

         agents:         40
                  174.000,    317.000
                   21.000,     47.000
                  159.000,    335.000
                   27.000,     47.000
                  254.000,    145.000
                  122.000,    121.000
                  141.000,    265.000
                  124.000,    141.000
                  419.000,    149.000
                   59.000,    164.000
                  121.000,    260.000
                  246.000,    129.000
                  102.000,    261.000
                  338.000,     79.000
                  183.000,    277.000
                  142.000,    289.000
                   75.000,    156.000
                   55.000,     46.000
                  194.000,    223.000
                  250.000,    460.000
                  188.000,    106.000
                  187.000,    307.000
                   63.000,    212.000
                   44.000,     62.000
                  173.000,    307.000
                  129.000,    268.000
                  257.000,    258.000
                   98.000,    268.000
                  132.000,    110.000
                  261.000,    231.000
                   49.000,     57.000
                  241.000,     23.000
                  191.000,    233.000
                  181.000,    296.000
                  133.000,    154.000
                  260.000,    311.000
                  129.000,    112.000
                   46.000,    241.000
                  255.000,    459.000
                  240.000,    458.000
