**************************************************
*            H E D A C   s e a r c h             *
**************************************************
Started on: 2024-11-19 14:44:48.078431

Parameters:
         method: hedac
          x_min:      0.000
          x_max:    149.000
             dx:      1.000
          y_min:      0.000
          y_max:    307.000
             dy:      1.000

          alpha:      1.000
           beta:      0.500
          gamma:      0.100
          kappa:      0.000
             nu:      0.001
        sigma_m:      1.000
        sigma_c:      2.000
       sigma_ac:      0.100
         source:          difsource

         agents:         40
                   83.000,    101.000
                   83.000,    189.000
                   89.000,    129.000
                  108.000,     80.000
                   81.000,    250.000
                   72.000,    189.000
                   91.000,    287.000
                   81.000,    168.000
                   61.000,    153.000
                   92.000,     82.000
                   66.000,     92.000
                   58.000,     53.000
                  111.000,     79.000
                   65.000,     34.000
                   64.000,     59.000
                   37.000,    185.000
                  112.000,    267.000
                   84.000,    299.000
                   51.000,    162.000
                   79.000,    155.000
                   88.000,    166.000
                  105.000,    227.000
                   88.000,    184.000
                   40.000,    200.000
                   83.000,    190.000
                   87.000,     33.000
                   41.000,    192.000
                   50.000,    189.000
                   45.000,    167.000
                  116.000,     81.000
                   82.000,    288.000
                  114.000,     78.000
                  115.000,     79.000
                   41.000,    145.000
                   84.000,    160.000
                   76.000,    141.000
                   69.000,    150.000
                   47.000,    130.000
                   43.000,    192.000
                   93.000,     99.000
