**************************************************
*            H E D A C   s e a r c h             *
**************************************************
Started on: 2024-11-19 17:40:19.501051

Parameters:
         method: hedac
          x_min:      0.000
          x_max:    456.000
             dx:      1.000
          y_min:      0.000
          y_max:    478.000
             dy:      1.000

          alpha:      1.000
           beta:      0.500
          gamma:      0.100
          kappa:      0.000
             nu:      0.001
        sigma_m:      1.000
        sigma_c:      2.000
       sigma_ac:      0.100
         source:          difsource

         agents:         40
                  185.000,     13.000
                   73.000,     83.000
                  211.000,    304.000
                  182.000,     16.000
                  150.000,    241.000
                  251.000,    297.000
                  181.000,    286.000
                  172.000,    307.000
                   91.000,    226.000
                  244.000,     32.000
                   67.000,    187.000
                  125.000,     54.000
                  166.000,    321.000
                  103.000,    267.000
                  370.000,    131.000
                  117.000,     53.000
                  133.000,     47.000
                  158.000,    340.000
                  255.000,    154.000
                  206.000,    248.000
                  216.000,    115.000
                  117.000,    243.000
                  420.000,    144.000
                   51.000,    173.000
                  194.000,    223.000
                   62.000,    133.000
                  449.000,    166.000
                   56.000,     71.000
                  184.000,    306.000
                  155.000,    245.000
                  259.000,    212.000
                  174.000,    399.000
                  191.000,    213.000
                  329.000,     63.000
                  192.000,    102.000
                  188.000,    198.000
                  256.000,    462.000
                  222.000,     12.000
                   64.000,     48.000
                   64.000,    193.000
