**************************************************
*            H E D A C   s e a r c h             *
**************************************************
Started on: 2024-11-19 17:44:07.195442

Parameters:
         method: hedac
          x_min:      0.000
          x_max:    456.000
             dx:      1.000
          y_min:      0.000
          y_max:    478.000
             dy:      1.000

          alpha:      1.000
           beta:      0.500
          gamma:      0.100
          kappa:      0.000
             nu:      0.001
        sigma_m:      1.000
        sigma_c:      2.000
       sigma_ac:      0.100
         source:          difsource

         agents:         40
                  204.000,    123.000
                   43.000,    168.000
                  122.000,    109.000
                  225.000,     22.000
                  253.000,     41.000
                  191.000,    231.000
                  145.000,    161.000
                  214.000,    445.000
                  139.000,    104.000
                   92.000,    263.000
                  167.000,    402.000
                  255.000,    199.000
                   97.000,    258.000
                  267.000,    298.000
                  149.000,    255.000
                  250.000,    457.000
                  214.000,      7.000
                  244.000,    255.000
                  101.000,    254.000
                   67.000,    251.000
                   44.000,     26.000
                  144.000,    258.000
                  174.000,     31.000
                  266.000,    229.000
                   94.000,    235.000
                  137.000,    276.000
                  251.000,    203.000
                  295.000,     44.000
                  242.000,    183.000
                  341.000,     86.000
                  100.000,    228.000
                   26.000,     29.000
                  244.000,    289.000
                  214.000,     16.000
                   81.000,    200.000
                  171.000,    285.000
                  126.000,    120.000
                  269.000,    300.000
                  259.000,    110.000
                  203.000,    294.000
