**************************************************
*            H E D A C   s e a r c h             *
**************************************************
Started on: 2024-11-19 13:51:17.568438

Parameters:
         method: hedac
          x_min:      0.000
          x_max:    193.000
             dx:      1.000
          y_min:      0.000
          y_max:    226.000
             dy:      1.000

          alpha:      1.000
           beta:      0.500
          gamma:      0.100
          kappa:      0.000
             nu:      0.001
        sigma_m:      1.000
        sigma_c:      2.000
       sigma_ac:      0.100
         source:          difsource

         agents:         40
                   31.000,    182.000
                  117.000,    175.000
                  165.000,     50.000
                  114.000,     67.000
                   67.000,    181.000
                  157.000,    138.000
                   55.000,    215.000
                   72.000,    195.000
                   63.000,    174.000
                  177.000,    191.000
                  131.000,    135.000
                  128.000,     94.000
                  164.000,    129.000
                  124.000,    170.000
                  155.000,    196.000
                   50.000,    173.000
                  165.000,    101.000
                  186.000,     70.000
                   20.000,    205.000
                  128.000,     22.000
                   29.000,    192.000
                   96.000,    148.000
                  125.000,     90.000
                  146.000,    131.000
                  148.000,    141.000
                   31.000,    188.000
                   57.000,    134.000
                   47.000,    182.000
                   51.000,    142.000
                   72.000,    220.000
                  168.000,    109.000
                  127.000,    132.000
                   55.000,    163.000
                   62.000,    173.000
                  150.000,    140.000
                   63.000,    140.000
                  149.000,     36.000
                  186.000,     68.000
                   28.000,    190.000
                   40.000,    187.000
