**************************************************
*            H E D A C   s e a r c h             *
**************************************************
Started on: 2024-11-05 16:00:57.400315

Parameters:
         method: hedac
          x_min:      0.000
          x_max:    226.000
             dx:      1.000
          y_min:      0.000
          y_max:    315.000
             dy:      1.000

          alpha:      1.000
           beta:      0.500
          gamma:      0.100
          kappa:      0.000
             nu:      0.001
        sigma_m:      1.000
        sigma_c:      2.000
       sigma_ac:      0.100
         source:          difsource

         agents:         40
                   63.000,    245.000
                   96.000,    208.000
                  166.000,    205.000
                  136.000,    192.000
                  103.000,    198.000
                  134.000,    135.000
                  175.000,    117.000
                   97.000,    121.000
                  162.000,    124.000
                  169.000,    197.000
                   42.000,    255.000
                  163.000,    134.000
                  180.000,     98.000
                   87.000,    185.000
                   75.000,    230.000
                  184.000,    124.000
                   96.000,    227.000
                    6.000,    238.000
                   62.000,    227.000
                   48.000,    225.000
                   46.000,    208.000
                  178.000,      9.000
                  110.000,    253.000
                   17.000,    239.000
                  178.000,    122.000
                  106.000,    225.000
                  111.000,    115.000
                  148.000,     51.000
                   63.000,    217.000
                  194.000,    133.000
                  137.000,    136.000
                  139.000,    168.000
                   66.000,    240.000
                  165.000,    132.000
                  152.000,    217.000
                  168.000,    128.000
                   44.000,    229.000
                  138.000,    233.000
                  170.000,     95.000
                  157.000,    191.000
