**************************************************
*            H E D A C   s e a r c h             *
**************************************************
Started on: 2024-11-19 13:54:25.590794

Parameters:
         method: hedac
          x_min:      0.000
          x_max:    193.000
             dx:      1.000
          y_min:      0.000
          y_max:    226.000
             dy:      1.000

          alpha:      1.000
           beta:      0.500
          gamma:      0.100
          kappa:      0.000
             nu:      0.001
        sigma_m:      1.000
        sigma_c:      2.000
       sigma_ac:      0.100
         source:          difsource

         agents:         40
                  159.000,     48.000
                  181.000,     68.000
                  119.000,     98.000
                  124.000,    169.000
                  157.000,     51.000
                   45.000,    208.000
                   89.000,    141.000
                   59.000,    154.000
                  172.000,    101.000
                  124.000,     11.000
                  171.000,    197.000
                   37.000,    202.000
                   49.000,    178.000
                   78.000,    177.000
                   92.000,    178.000
                  167.000,    119.000
                  123.000,    165.000
                   77.000,    137.000
                  115.000,    184.000
                  135.000,     72.000
                  151.000,    196.000
                  101.000,     69.000
                  150.000,     30.000
                   64.000,    178.000
                  117.000,     94.000
                   97.000,     69.000
                   69.000,    147.000
                   97.000,    125.000
                   74.000,    191.000
                   47.000,    190.000
                  169.000,     56.000
                  185.000,     72.000
                   64.000,    145.000
                  151.000,    191.000
                   24.000,    203.000
                  118.000,      7.000
                  131.000,    135.000
                  130.000,    169.000
                   58.000,    214.000
                  101.000,    122.000
