           t           E1           E2           E3           E4
0.000000e+00 2.195940e-02 4.822150e-04 1.624890e+03 6.793827e+01
1.000000e+00 2.141609e-02 4.586491e-04 1.606181e+03 6.551256e+01
2.000000e+00 2.072319e-02 4.294505e-04 1.586808e+03 6.242889e+01
3.000000e+00 1.992894e-02 3.971626e-04 1.567765e+03 5.739243e+01
4.000000e+00 1.903598e-02 3.623685e-04 1.548780e+03 5.127769e+01
5.000000e+00 1.809236e-02 3.273334e-04 1.530288e+03 4.525064e+01
6.000000e+00 1.715448e-02 2.942760e-04 1.512755e+03 4.039603e+01
7.000000e+00 1.626046e-02 2.644024e-04 1.496256e+03 3.762659e+01
8.000000e+00 1.543008e-02 2.380874e-04 1.480569e+03 3.478951e+01
9.000000e+00 1.467478e-02 2.153492e-04 1.465538e+03 3.179371e+01
1.000000e+01 1.400405e-02 1.961133e-04 1.451126e+03 2.934210e+01
1.100000e+01 1.342349e-02 1.801902e-04 1.437344e+03 2.685555e+01
1.200000e+01 1.293785e-02 1.673880e-04 1.424205e+03 2.596940e+01
1.300000e+01 1.255170e-02 1.575453e-04 1.411829e+03 2.722251e+01
1.400000e+01 1.224983e-02 1.500584e-04 1.400068e+03 2.776162e+01
1.500000e+01 1.200364e-02 1.440873e-04 1.388528e+03 2.752364e+01
1.600000e+01 1.178093e-02 1.387904e-04 1.376583e+03 2.696980e+01
1.700000e+01 1.156322e-02 1.337081e-04 1.363670e+03 2.587258e+01
1.800000e+01 1.134110e-02 1.286206e-04 1.349626e+03 2.449819e+01
1.900000e+01 1.110699e-02 1.233652e-04 1.334530e+03 2.308064e+01
2.000000e+01 1.085883e-02 1.179141e-04 1.318501e+03 2.172821e+01
2.100000e+01 1.059806e-02 1.123189e-04 1.301674e+03 2.047467e+01
2.200000e+01 1.032724e-02 1.066519e-04 1.284173e+03 1.932272e+01
2.300000e+01 1.004843e-02 1.009709e-04 1.266343e+03 1.826545e+01
2.400000e+01 9.762451e-03 9.530545e-05 1.248419e+03 1.729365e+01
2.500000e+01 9.470521e-03 8.969076e-05 1.230544e+03 1.639815e+01
2.600000e+01 9.177243e-03 8.422179e-05 1.212844e+03 1.557063e+01
2.700000e+01 8.890927e-03 7.904858e-05 1.195222e+03 1.480377e+01
2.800000e+01 8.618452e-03 7.427771e-05 1.177666e+03 1.439791e+01
2.900000e+01 8.368247e-03 7.002756e-05 1.159859e+03 1.384025e+01
3.000000e+01 8.145888e-03 6.635548e-05 1.141480e+03 1.322503e+01
3.100000e+01 7.951093e-03 6.321988e-05 1.122703e+03 1.261688e+01
3.200000e+01 7.778131e-03 6.049931e-05 1.103822e+03 1.203749e+01
3.300000e+01 7.620686e-03 5.807485e-05 1.084986e+03 1.223858e+01
3.400000e+01 7.474266e-03 5.586465e-05 1.066253e+03 1.326650e+01
3.500000e+01 7.337748e-03 5.384254e-05 1.047694e+03 1.360409e+01
3.600000e+01 7.213978e-03 5.204148e-05 1.029261e+03 1.397234e+01
3.700000e+01 7.105709e-03 5.049110e-05 1.011018e+03 1.445473e+01
3.800000e+01 7.012638e-03 4.917710e-05 9.929210e+02 1.466626e+01
3.900000e+01 6.934791e-03 4.809132e-05 9.750136e+02 1.458137e+01
4.000000e+01 6.871439e-03 4.721668e-05 9.572879e+02 1.426758e+01
4.100000e+01 6.819639e-03 4.650747e-05 9.395680e+02 1.382831e+01
4.200000e+01 6.772950e-03 4.587285e-05 9.217832e+02 1.334477e+01
4.300000e+01 6.725761e-03 4.523586e-05 9.039415e+02 1.287293e+01
4.400000e+01 6.674106e-03 4.454369e-05 8.860148e+02 1.242905e+01
4.500000e+01 6.615981e-03 4.377120e-05 8.680373e+02 1.223986e+01
4.600000e+01 6.551906e-03 4.292747e-05 8.500866e+02 1.243109e+01
4.700000e+01 6.481827e-03 4.201409e-05 8.321853e+02 1.231333e+01
4.800000e+01 6.405728e-03 4.103335e-05 8.143066e+02 1.202728e+01
4.900000e+01 6.326600e-03 4.002587e-05 7.964606e+02 1.169214e+01
5.000000e+01 6.248687e-03 3.904609e-05 7.786894e+02 1.135445e+01
5.100000e+01 6.173838e-03 3.811628e-05 7.610544e+02 1.102696e+01
5.200000e+01 6.101296e-03 3.722582e-05 7.436030e+02 1.071143e+01
5.300000e+01 6.029087e-03 3.634989e-05 7.263782e+02 1.040754e+01
5.400000e+01 5.955172e-03 3.546407e-05 7.093855e+02 1.011474e+01
5.500000e+01 5.878491e-03 3.455666e-05 6.926599e+02 9.832472e+00
5.600000e+01 5.799333e-03 3.363227e-05 6.762758e+02 9.560200e+00
5.700000e+01 5.718776e-03 3.270440e-05 6.602448e+02 9.297419e+00
5.800000e+01 5.636955e-03 3.177526e-05 6.445541e+02 9.043659e+00
5.900000e+01 5.554827e-03 3.085611e-05 6.292294e+02 8.798466e+00
6.000000e+01 5.475400e-03 2.998001e-05 6.143499e+02 8.561416e+00
6.100000e+01 5.402308e-03 2.918493e-05 5.999498e+02 8.332110e+00
6.200000e+01 5.335878e-03 2.847160e-05 5.860968e+02 8.110173e+00
6.300000e+01 5.274979e-03 2.782541e-05 5.727904e+02 7.895257e+00
6.400000e+01 5.219108e-03 2.723908e-05 5.599382e+02 7.737735e+00
6.500000e+01 5.168793e-03 2.671642e-05 5.474534e+02 7.592619e+00
6.600000e+01 5.122989e-03 2.624502e-05 5.352649e+02 7.514411e+00
6.700000e+01 5.080677e-03 2.581327e-05 5.233566e+02 7.632233e+00
6.800000e+01 5.042841e-03 2.543024e-05 5.117156e+02 8.010387e+00
6.900000e+01 5.009352e-03 2.509361e-05 5.003353e+02 8.401925e+00
7.000000e+01 4.977996e-03 2.478044e-05 4.892257e+02 8.852395e+00
7.100000e+01 4.947143e-03 2.447422e-05 4.783939e+02 9.257987e+00
7.200000e+01 4.916545e-03 2.417242e-05 4.677789e+02 9.616741e+00
7.300000e+01 4.886040e-03 2.387339e-05 4.573254e+02 9.828358e+00
7.400000e+01 4.854985e-03 2.357088e-05 4.470150e+02 1.010722e+01
7.500000e+01 4.823583e-03 2.326695e-05 4.368392e+02 1.043617e+01
7.600000e+01 4.791857e-03 2.296189e-05 4.268717e+02 1.070768e+01
7.700000e+01 4.760223e-03 2.265973e-05 4.171795e+02 1.087651e+01
7.800000e+01 4.729131e-03 2.236468e-05 4.078156e+02 1.085674e+01
7.900000e+01 4.698248e-03 2.207353e-05 3.987996e+02 1.072954e+01
8.000000e+01 4.668033e-03 2.179053e-05 3.901592e+02 1.055761e+01
8.100000e+01 4.638213e-03 2.151302e-05 3.818586e+02 1.037366e+01
8.200000e+01 4.607706e-03 2.123095e-05 3.738656e+02 1.018997e+01
8.300000e+01 4.575960e-03 2.093941e-05 3.661652e+02 1.000979e+01
8.400000e+01 4.542037e-03 2.063010e-05 3.587290e+02 9.833705e+00
8.500000e+01 4.505538e-03 2.029987e-05 3.515377e+02 9.661713e+00
8.600000e+01 4.467428e-03 1.995792e-05 3.445743e+02 9.493706e+00
8.700000e+01 4.429577e-03 1.962115e-05 3.378444e+02 9.329553e+00
8.800000e+01 4.394585e-03 1.931238e-05 3.313574e+02 9.169133e+00
8.900000e+01 4.362942e-03 1.903526e-05 3.250966e+02 9.012317e+00
9.000000e+01 4.333705e-03 1.878100e-05 3.190646e+02 8.858999e+00
9.100000e+01 4.305537e-03 1.853765e-05 3.132445e+02 8.709047e+00
9.200000e+01 4.276990e-03 1.829264e-05 3.075610e+02 8.562313e+00
9.300000e+01 4.247060e-03 1.803752e-05 3.020014e+02 8.418707e+00
9.400000e+01 4.215318e-03 1.776890e-05 2.965911e+02 8.278145e+00
9.500000e+01 4.181893e-03 1.748823e-05 2.913569e+02 8.140534e+00
9.600000e+01 4.147244e-03 1.719963e-05 2.862687e+02 8.005783e+00
9.700000e+01 4.112247e-03 1.691058e-05 2.813338e+02 7.873803e+00
9.800000e+01 4.078142e-03 1.663124e-05 2.765953e+02 7.744511e+00
9.900000e+01 4.045592e-03 1.636681e-05 2.720708e+02 7.617826e+00
1.000000e+02 4.015160e-03 1.612151e-05 2.677760e+02 7.493668e+00
1.010000e+02 3.987717e-03 1.590189e-05 2.637313e+02 7.371963e+00
1.020000e+02 3.963772e-03 1.571149e-05 2.599180e+02 7.252639e+00
1.030000e+02 3.942766e-03 1.554541e-05 2.563401e+02 7.135628e+00
1.040000e+02 3.923392e-03 1.539301e-05 2.529880e+02 7.020861e+00
1.050000e+02 3.905368e-03 1.525190e-05 2.498770e+02 6.908276e+00
1.060000e+02 3.888345e-03 1.511923e-05 2.469754e+02 6.797811e+00
1.070000e+02 3.871641e-03 1.498960e-05 2.442920e+02 6.689406e+00
1.080000e+02 3.854389e-03 1.485631e-05 2.418265e+02 6.583005e+00
1.090000e+02 3.835656e-03 1.471226e-05 2.395877e+02 6.478552e+00
1.100000e+02 3.814853e-03 1.455310e-05 2.375558e+02 6.444028e+00
1.110000e+02 3.791793e-03 1.437769e-05 2.357133e+02 6.427378e+00
1.120000e+02 3.766993e-03 1.419024e-05 2.340383e+02 6.371522e+00
1.130000e+02 3.741335e-03 1.399759e-05 2.325322e+02 6.260459e+00
1.140000e+02 3.715893e-03 1.380786e-05 2.311898e+02 6.101258e+00
1.150000e+02 3.691409e-03 1.362650e-05 2.299943e+02 5.911263e+00
1.160000e+02 3.668005e-03 1.345426e-05 2.289456e+02 5.797708e+00
1.170000e+02 3.646068e-03 1.329381e-05 2.280193e+02 5.707083e+00
1.180000e+02 3.626536e-03 1.315176e-05 2.271945e+02 5.617990e+00
1.190000e+02 3.610131e-03 1.303305e-05 2.264559e+02 5.530392e+00
1.200000e+02 3.596591e-03 1.293547e-05 2.257807e+02 5.444251e+00
1.210000e+02 3.584502e-03 1.284865e-05 2.251479e+02 5.359532e+00
1.220000e+02 3.572318e-03 1.276145e-05 2.245802e+02 5.276198e+00
1.230000e+02 3.559229e-03 1.266811e-05 2.240823e+02 5.194218e+00
1.240000e+02 3.544782e-03 1.256548e-05 2.236299e+02 5.356134e+00
1.250000e+02 3.528437e-03 1.244987e-05 2.232117e+02 5.533312e+00
1.260000e+02 3.509854e-03 1.231908e-05 2.228237e+02 5.584801e+00
1.270000e+02 3.489064e-03 1.217357e-05 2.224562e+02 5.550982e+00
1.280000e+02 3.466950e-03 1.201974e-05 2.221150e+02 5.502476e+00
1.290000e+02 3.444136e-03 1.186207e-05 2.218153e+02 5.506292e+00
1.300000e+02 3.420842e-03 1.170216e-05 2.215817e+02 5.555347e+00
1.310000e+02 3.398122e-03 1.154723e-05 2.214187e+02 5.580999e+00
1.320000e+02 3.376927e-03 1.140363e-05 2.213086e+02 5.596043e+00
1.330000e+02 3.357879e-03 1.127535e-05 2.212095e+02 5.591877e+00
1.340000e+02 3.340801e-03 1.116095e-05 2.210938e+02 5.553120e+00
1.350000e+02 3.325751e-03 1.106062e-05 2.209621e+02 5.522361e+00
1.360000e+02 3.312738e-03 1.097423e-05 2.208072e+02 5.506264e+00
1.370000e+02 3.302086e-03 1.090377e-05 2.206238e+02 5.463185e+00
1.380000e+02 3.293495e-03 1.084711e-05 2.204062e+02 5.396254e+00
1.390000e+02 3.285990e-03 1.079773e-05 2.201710e+02 5.316147e+00
1.400000e+02 3.278955e-03 1.075154e-05 2.199097e+02 5.231224e+00
1.410000e+02 3.271994e-03 1.070595e-05 2.195969e+02 5.425174e+00
1.420000e+02 3.264222e-03 1.065515e-05 2.192201e+02 5.628409e+00
1.430000e+02 3.256146e-03 1.060249e-05 2.188067e+02 5.782728e+00
1.440000e+02 3.249068e-03 1.055645e-05 2.183744e+02 5.873722e+00
1.450000e+02 3.243826e-03 1.052241e-05 2.179337e+02 5.899384e+00
1.460000e+02 3.240400e-03 1.050019e-05 2.174755e+02 5.871415e+00
1.470000e+02 3.238051e-03 1.048497e-05 2.169824e+02 5.820646e+00
1.480000e+02 3.235480e-03 1.046833e-05 2.164615e+02 5.762638e+00
1.490000e+02 3.231898e-03 1.044517e-05 2.159190e+02 5.726694e+00
1.500000e+02 3.226306e-03 1.040905e-05 2.153562e+02 5.699760e+00
1.510000e+02 3.217581e-03 1.035283e-05 2.147525e+02 5.644962e+00
1.520000e+02 3.205941e-03 1.027806e-05 2.141094e+02 5.578184e+00
1.530000e+02 3.191803e-03 1.018761e-05 2.134309e+02 5.508186e+00
1.540000e+02 3.176220e-03 1.008837e-05 2.127244e+02 5.437876e+00
1.550000e+02 3.160465e-03 9.988541e-06 2.119978e+02 5.368164e+00
1.560000e+02 3.145565e-03 9.894576e-06 2.112732e+02 5.299287e+00
1.570000e+02 3.132396e-03 9.811907e-06 2.105749e+02 5.231280e+00
1.580000e+02 3.120809e-03 9.739450e-06 2.099148e+02 5.164135e+00
1.590000e+02 3.110916e-03 9.677798e-06 2.092873e+02 5.097849e+00
1.600000e+02 3.103149e-03 9.629534e-06 2.087079e+02 5.032433e+00
1.610000e+02 3.097576e-03 9.594976e-06 2.081537e+02 4.967923e+00
1.620000e+02 3.093986e-03 9.572747e-06 2.076038e+02 4.904232e+00
1.630000e+02 3.091086e-03 9.554811e-06 2.070546e+02 4.841284e+00
1.640000e+02 3.087847e-03 9.534798e-06 2.065067e+02 4.779049e+00
1.650000e+02 3.083635e-03 9.508807e-06 2.059733e+02 4.717545e+00
1.660000e+02 3.077885e-03 9.473376e-06 2.054691e+02 4.656779e+00
1.670000e+02 3.069886e-03 9.424203e-06 2.049963e+02 4.596738e+00
1.680000e+02 3.059940e-03 9.363233e-06 2.045606e+02 4.537405e+00
1.690000e+02 3.048403e-03 9.292760e-06 2.041790e+02 4.524880e+00
1.700000e+02 3.035903e-03 9.216704e-06 2.038772e+02 4.553775e+00
1.710000e+02 3.023261e-03 9.140105e-06 2.036699e+02 4.582338e+00
1.720000e+02 3.011376e-03 9.068385e-06 2.035447e+02 4.610569e+00
1.730000e+02 3.000867e-03 9.005200e-06 2.034704e+02 4.638475e+00
1.740000e+02 2.992138e-03 8.952892e-06 2.033966e+02 4.666061e+00
1.750000e+02 2.985045e-03 8.910495e-06 2.033224e+02 4.693331e+00
1.760000e+02 2.979191e-03 8.875581e-06 2.032434e+02 4.720292e+00
1.770000e+02 2.974377e-03 8.846919e-06 2.031660e+02 4.746948e+00
1.780000e+02 2.970327e-03 8.822841e-06 2.030631e+02 4.773306e+00
1.790000e+02 2.966722e-03 8.801438e-06 2.029433e+02 4.799369e+00
1.800000e+02 2.962999e-03 8.779361e-06 2.028025e+02 4.825142e+00
1.810000e+02 2.959147e-03 8.756551e-06 2.026360e+02 4.850631e+00
1.820000e+02 2.955179e-03 8.733083e-06 2.024462e+02 4.875840e+00
1.830000e+02 2.950852e-03 8.707529e-06 2.022250e+02 4.900774e+00
1.840000e+02 2.946278e-03 8.680557e-06 2.019843e+02 4.925437e+00
1.850000e+02 2.942429e-03 8.657890e-06 2.017460e+02 4.949834e+00
1.860000e+02 2.939635e-03 8.641452e-06 2.015105e+02 4.973968e+00
1.870000e+02 2.937801e-03 8.630674e-06 2.012770e+02 4.997845e+00
1.880000e+02 2.936917e-03 8.625481e-06 2.010490e+02 5.021468e+00
1.890000e+02 2.936221e-03 8.621391e-06 2.008255e+02 5.044841e+00
1.900000e+02 2.935039e-03 8.614453e-06 2.006103e+02 5.067968e+00
1.910000e+02 2.933499e-03 8.605418e-06 2.003938e+02 5.090853e+00
1.920000e+02 2.931526e-03 8.593847e-06 2.001873e+02 5.113500e+00
1.930000e+02 2.928904e-03 8.578477e-06 2.000003e+02 5.135912e+00
1.940000e+02 2.925537e-03 8.558768e-06 1.998243e+02 5.158094e+00
1.950000e+02 2.921546e-03 8.535433e-06 1.996744e+02 5.180048e+00
1.960000e+02 2.917241e-03 8.510298e-06 1.995686e+02 5.201779e+00
1.970000e+02 2.913151e-03 8.486446e-06 1.995128e+02 5.223289e+00
1.980000e+02 2.909038e-03 8.462502e-06 1.995090e+02 5.244581e+00
1.990000e+02 2.904532e-03 8.436306e-06 1.995539e+02 5.265659e+00
