**************************************************
*            H E D A C   s e a r c h             *
**************************************************
Started on: 2024-11-19 13:51:12.911382

Parameters:
         method: hedac
          x_min:      0.000
          x_max:    193.000
             dx:      1.000
          y_min:      0.000
          y_max:    226.000
             dy:      1.000

          alpha:      1.000
           beta:      0.500
          gamma:      0.100
          kappa:      0.000
             nu:      0.001
        sigma_m:      1.000
        sigma_c:      2.000
       sigma_ac:      0.100
         source:          difsource

         agents:         40
                  122.000,     92.000
                   58.000,    141.000
                   26.000,    193.000
                  158.000,     44.000
                  133.000,    190.000
                  146.000,    151.000
                  188.000,     63.000
                  160.000,     44.000
                  109.000,     64.000
                  119.000,    166.000
                  150.000,    189.000
                  177.000,     65.000
                   94.000,    124.000
                  145.000,    131.000
                  132.000,     95.000
                   61.000,    173.000
                  177.000,    194.000
                  139.000,     27.000
                   76.000,    193.000
                   44.000,    198.000
                   34.000,    201.000
                  175.000,    101.000
                  129.000,    139.000
                   47.000,    181.000
                  105.000,    122.000
                  115.000,    181.000
                   68.000,    192.000
                   92.000,    177.000
                  152.000,    188.000
                  143.000,    194.000
                  184.000,     71.000
                   81.000,    148.000
                  150.000,    144.000
                   91.000,    173.000
                   28.000,    196.000
                   54.000,    216.000
                  146.000,    194.000
                   51.000,    191.000
                   56.000,    210.000
                  138.000,     72.000
