**************************************************
*            H E D A C   s e a r c h             *
**************************************************
Started on: 2024-11-19 13:48:55.167486

Parameters:
         method: hedac
          x_min:      0.000
          x_max:    193.000
             dx:      1.000
          y_min:      0.000
          y_max:    226.000
             dy:      1.000

          alpha:      1.000
           beta:      0.500
          gamma:      0.100
          kappa:      0.000
             nu:      0.001
        sigma_m:      1.000
        sigma_c:      2.000
       sigma_ac:      0.100
         source:          difsource

         agents:         40
                  147.000,     42.000
                   53.000,    153.000
                   54.000,    219.000
                   53.000,    220.000
                  171.000,     52.000
                   99.000,     63.000
                  125.000,    161.000
                   88.000,    142.000
                   94.000,    123.000
                   75.000,     81.000
                   22.000,    202.000
                   91.000,    117.000
                   26.000,    202.000
                  111.000,    185.000
                   46.000,    203.000
                  150.000,    108.000
                  142.000,     27.000
                  155.000,     36.000
                  178.000,     62.000
                  143.000,     64.000
                  117.000,    162.000
                  167.000,    110.000
                   44.000,    209.000
                   58.000,    167.000
                  162.000,     52.000
                  148.000,    146.000
                   49.000,    185.000
                  140.000,    130.000
                   90.000,     79.000
                   19.000,    207.000
                   90.000,    122.000
                  110.000,    184.000
                   88.000,    145.000
                   55.000,    133.000
                  145.000,    152.000
                   36.000,    188.000
                  156.000,    129.000
                   81.000,    121.000
                  125.000,     91.000
                   92.000,    144.000
