**************************************************
*            H E D A C   s e a r c h             *
**************************************************
Started on: 2024-11-19 14:50:20.523713

Parameters:
         method: hedac
          x_min:      0.000
          x_max:    149.000
             dx:      1.000
          y_min:      0.000
          y_max:    307.000
             dy:      1.000

          alpha:      1.000
           beta:      0.500
          gamma:      0.100
          kappa:      0.000
             nu:      0.001
        sigma_m:      1.000
        sigma_c:      2.000
       sigma_ac:      0.100
         source:          difsource

         agents:         40
                   71.000,    156.000
                   91.000,     39.000
                   88.000,     45.000
                   86.000,    125.000
                   79.000,    146.000
                   65.000,    178.000
                   50.000,    118.000
                   94.000,     64.000
                   44.000,    185.000
                   90.000,    284.000
                   66.000,    167.000
                   81.000,    291.000
                   62.000,     47.000
                   83.000,    143.000
                  104.000,    288.000
                   88.000,     27.000
                   46.000,    195.000
                   45.000,    153.000
                  112.000,     74.000
                   91.000,    132.000
                   78.000,    144.000
                   91.000,    261.000
                   98.000,     28.000
                   59.000,     38.000
                   86.000,    283.000
                   76.000,    250.000
                   62.000,     63.000
                   35.000,    135.000
                   91.000,    272.000
                   95.000,     43.000
                   70.000,    190.000
                   81.000,    298.000
                   88.000,     32.000
                   92.000,     64.000
                   50.000,    127.000
                   63.000,    194.000
                   70.000,    253.000
                  116.000,    256.000
                  117.000,     80.000
                   88.000,     48.000
