**************************************************
*            H E D A C   s e a r c h             *
**************************************************
Started on: 2024-11-19 17:21:54.958136

Parameters:
         method: hedac
          x_min:      0.000
          x_max:    456.000
             dx:      1.000
          y_min:      0.000
          y_max:    478.000
             dy:      1.000

          alpha:      1.000
           beta:      0.500
          gamma:      0.100
          kappa:      0.000
             nu:      0.001
        sigma_m:      1.000
        sigma_c:      2.000
       sigma_ac:      0.100
         source:          difsource

         agents:         40
                  240.000,    184.000
                   43.000,     55.000
                   62.000,     77.000
                  300.000,     45.000
                  149.000,    256.000
                  202.000,    109.000
                  253.000,     38.000
                  116.000,     56.000
                  192.000,    287.000
                  420.000,    148.000
                  162.000,    293.000
                   55.000,    218.000
                   63.000,    101.000
                  243.000,    463.000
                  235.000,    106.000
                   50.000,     73.000
                  444.000,    159.000
                   32.000,     27.000
                  160.000,    300.000
                   44.000,     23.000
                  414.000,    145.000
                   48.000,     52.000
                  120.000,    267.000
                  185.000,    294.000
                  164.000,    336.000
                  163.000,    246.000
                  160.000,    275.000
                    2.000,     32.000
                  250.000,    154.000
                  157.000,    241.000
                  185.000,    289.000
                   62.000,    246.000
                  222.000,    240.000
                  159.000,    369.000
                  122.000,    237.000
                   46.000,    169.000
                  103.000,    250.000
                  211.000,    111.000
                  212.000,    252.000
                  183.000,     14.000
