**************************************************
*            H E D A C   s e a r c h             *
**************************************************
Started on: 2024-11-19 14:54:42.795239

Parameters:
         method: hedac
          x_min:      0.000
          x_max:    149.000
             dx:      1.000
          y_min:      0.000
          y_max:    307.000
             dy:      1.000

          alpha:      1.000
           beta:      0.500
          gamma:      0.100
          kappa:      0.000
             nu:      0.001
        sigma_m:      1.000
        sigma_c:      2.000
       sigma_ac:      0.100
         source:          difsource

         agents:         40
                   86.000,    100.000
                   76.000,     35.000
                   52.000,    219.000
                   33.000,    190.000
                   84.000,    170.000
                  106.000,     88.000
                   41.000,    166.000
                   65.000,    153.000
                   92.000,    115.000
                   80.000,    154.000
                   42.000,    194.000
                   88.000,     33.000
                   52.000,    113.000
                  124.000,    255.000
                   85.000,    293.000
                   86.000,     20.000
                  114.000,    269.000
                  106.000,     69.000
                   64.000,    186.000
                   75.000,    161.000
                   54.000,    194.000
                   80.000,    190.000
                   84.000,    128.000
                   63.000,     89.000
                   74.000,    140.000
                   63.000,    177.000
                   79.000,    282.000
                   49.000,    127.000
                   75.000,    247.000
                   47.000,    209.000
                   44.000,    164.000
                  118.000,     84.000
                   38.000,    187.000
                  118.000,     81.000
                   47.000,    113.000
                   50.000,    219.000
                   40.000,    171.000
                   88.000,    110.000
                   39.000,    137.000
                   67.000,    169.000
