**************************************************
*            H E D A C   s e a r c h             *
**************************************************
Started on: 2024-11-19 13:51:28.300080

Parameters:
         method: hedac
          x_min:      0.000
          x_max:    193.000
             dx:      1.000
          y_min:      0.000
          y_max:    226.000
             dy:      1.000

          alpha:      1.000
           beta:      0.500
          gamma:      0.100
          kappa:      0.000
             nu:      0.001
        sigma_m:      1.000
        sigma_c:      2.000
       sigma_ac:      0.100
         source:          difsource

         agents:         40
                  171.000,    103.000
                  102.000,    147.000
                  172.000,    115.000
                   60.000,    218.000
                   43.000,    178.000
                  156.000,    176.000
                  152.000,    145.000
                  179.000,    195.000
                   84.000,    116.000
                   74.000,    136.000
                  154.000,    119.000
                   56.000,    166.000
                   38.000,    188.000
                   26.000,    194.000
                   90.000,    143.000
                  149.000,    192.000
                  114.000,     65.000
                  109.000,     90.000
                  147.000,    104.000
                   71.000,    175.000
                  145.000,    140.000
                   93.000,    143.000
                  123.000,    168.000
                  184.000,     69.000
                  173.000,    192.000
                  148.000,    129.000
                  149.000,     38.000
                  116.000,    160.000
                  135.000,    166.000
                  117.000,      4.000
                  115.000,     92.000
                   54.000,    155.000
                  110.000,     62.000
                  168.000,    194.000
                   34.000,    187.000
                   51.000,    171.000
                  172.000,     62.000
                   83.000,    149.000
                  147.000,    192.000
                   39.000,    188.000
