**************************************************
*            H E D A C   s e a r c h             *
**************************************************
Started on: 2024-11-05 16:15:45.032704

Parameters:
         method: hedac
          x_min:      0.000
          x_max:    226.000
             dx:      1.000
          y_min:      0.000
          y_max:    315.000
             dy:      1.000

          alpha:      1.000
           beta:      0.500
          gamma:      0.100
          kappa:      0.000
             nu:      0.001
        sigma_m:      1.000
        sigma_c:      2.000
       sigma_ac:      0.100
         source:          difsource

         agents:         40
                   34.000,    201.000
                  105.000,    203.000
                  154.000,     70.000
                  163.000,     43.000
                  106.000,    272.000
                  103.000,    276.000
                  153.000,    125.000
                   26.000,    225.000
                  138.000,    136.000
                  149.000,     48.000
                  137.000,    231.000
                   16.000,    234.000
                  153.000,    142.000
                  138.000,    129.000
                  131.000,    166.000
                   34.000,    216.000
                   69.000,    300.000
                  139.000,    114.000
                  156.000,    188.000
                  152.000,    191.000
                   94.000,    121.000
                  163.000,    143.000
                  115.000,    263.000
                   58.000,    258.000
                  142.000,    129.000
                  136.000,    133.000
                  177.000,    116.000
                   28.000,    222.000
                  100.000,    271.000
                  116.000,    265.000
                   37.000,    211.000
                  136.000,    224.000
                  120.000,    210.000
                   81.000,    228.000
                  164.000,    209.000
                  104.000,    223.000
                  152.000,     56.000
                   36.000,    205.000
                  213.000,    131.000
                  189.000,     98.000
