**************************************************
*            H E D A C   s e a r c h             *
**************************************************
Started on: 2024-11-19 14:45:10.451551

Parameters:
         method: hedac
          x_min:      0.000
          x_max:    149.000
             dx:      1.000
          y_min:      0.000
          y_max:    307.000
             dy:      1.000

          alpha:      1.000
           beta:      0.500
          gamma:      0.100
          kappa:      0.000
             nu:      0.001
        sigma_m:      1.000
        sigma_c:      2.000
       sigma_ac:      0.100
         source:          difsource

         agents:         40
                  116.000,    278.000
                   62.000,     37.000
                   73.000,    189.000
                   86.000,     23.000
                  107.000,     70.000
                   55.000,    151.000
                   51.000,     49.000
                   86.000,     20.000
                  103.000,     86.000
                   38.000,    159.000
                   37.000,    177.000
                   84.000,    283.000
                   84.000,    144.000
                   65.000,    196.000
                   63.000,     85.000
                   68.000,     78.000
                   96.000,    266.000
                   90.000,     91.000
                   72.000,    246.000
                   73.000,    146.000
                   47.000,    168.000
                   53.000,    101.000
                   50.000,    110.000
                   65.000,    194.000
                   41.000,    169.000
                   33.000,    185.000
                   67.000,    151.000
                   79.000,    252.000
                   69.000,    194.000
                   33.000,    180.000
                  117.000,    250.000
                  111.000,    268.000
                   82.000,    187.000
                   69.000,     63.000
                   73.000,     20.000
                   39.000,    172.000
                   43.000,    208.000
                   62.000,    246.000
                   92.000,    264.000
                   86.000,    190.000
