**************************************************
*            H E D A C   s e a r c h             *
**************************************************
Started on: 2024-11-05 16:14:00.383800

Parameters:
         method: hedac
          x_min:      0.000
          x_max:    226.000
             dx:      1.000
          y_min:      0.000
          y_max:    315.000
             dy:      1.000

          alpha:      1.000
           beta:      0.500
          gamma:      0.100
          kappa:      0.000
             nu:      0.001
        sigma_m:      1.000
        sigma_c:      2.000
       sigma_ac:      0.100
         source:          difsource

         agents:         40
                  114.000,    219.000
                  103.000,    115.000
                   59.000,    220.000
                  143.000,    216.000
                  110.000,    267.000
                   87.000,    192.000
                   47.000,    245.000
                   37.000,    203.000
                  129.000,    253.000
                  150.000,    180.000
                  167.000,    201.000
                   79.000,    302.000
                   80.000,    232.000
                   95.000,    207.000
                  150.000,     56.000
                   36.000,    203.000
                   94.000,    229.000
                   42.000,    216.000
                  165.000,    115.000
                  115.000,    122.000
                  134.000,    134.000
                  112.000,    192.000
                    7.000,    242.000
                   45.000,    206.000
                   43.000,    243.000
                   40.000,    215.000
                    7.000,    243.000
                   15.000,    226.000
                   98.000,    275.000
                  124.000,    210.000
                  142.000,      6.000
                  143.000,    224.000
                  162.000,     68.000
                  137.000,     49.000
                  102.000,    226.000
                   18.000,    241.000
                  178.000,    112.000
                   68.000,    232.000
                   84.000,    294.000
                  144.000,    173.000
