**************************************************
*            H E D A C   s e a r c h             *
**************************************************
Started on: 2024-11-19 17:42:40.279378

Parameters:
         method: hedac
          x_min:      0.000
          x_max:    456.000
             dx:      1.000
          y_min:      0.000
          y_max:    478.000
             dy:      1.000

          alpha:      1.000
           beta:      0.500
          gamma:      0.100
          kappa:      0.000
             nu:      0.001
        sigma_m:      1.000
        sigma_c:      2.000
       sigma_ac:      0.100
         source:          difsource

         agents:         40
                  203.000,     11.000
                  259.000,    201.000
                   48.000,     59.000
                  119.000,     62.000
                  235.000,    462.000
                  219.000,    450.000
                  186.000,    103.000
                  234.000,     21.000
                   11.000,     42.000
                  191.000,    107.000
                  130.000,    149.000
                  211.000,    158.000
                   92.000,    238.000
                   63.000,     97.000
                  176.000,    312.000
                   41.000,     29.000
                  147.000,    265.000
                  191.000,     14.000
                   38.000,     29.000
                  410.000,    144.000
                  216.000,    311.000
                  186.000,    177.000
                  246.000,    308.000
                   59.000,     66.000
                  231.000,     24.000
                   93.000,    260.000
                  189.000,    302.000
                  192.000,    182.000
                  138.000,     42.000
                  443.000,    165.000
                  116.000,    268.000
                  216.000,    273.000
                  179.000,    280.000
                  277.000,    321.000
                   58.000,    113.000
                  169.000,    304.000
                  190.000,    279.000
                  248.000,    461.000
                  141.000,     41.000
                  342.000,    107.000
