           t           E1           E2           E3           E4
0.000000e+00 2.251097e-02 5.067439e-04 6.552418e+03 1.151313e+02
1.000000e+00 2.190805e-02 4.799629e-04 6.552701e+03 1.132703e+02
2.000000e+00 2.115581e-02 4.475682e-04 6.553033e+03 1.030912e+02
3.000000e+00 2.029037e-02 4.116990e-04 6.554528e+03 9.471334e+01
4.000000e+00 1.935638e-02 3.746693e-04 6.557248e+03 8.601189e+01
5.000000e+00 1.839855e-02 3.385065e-04 6.561198e+03 7.716565e+01
6.000000e+00 1.746524e-02 3.050344e-04 6.567037e+03 6.933788e+01
7.000000e+00 1.657560e-02 2.747505e-04 6.574538e+03 6.138205e+01
8.000000e+00 1.573814e-02 2.476890e-04 6.583639e+03 5.478016e+01
9.000000e+00 1.496356e-02 2.239081e-04 6.594418e+03 5.039452e+01
1.000000e+01 1.426337e-02 2.034436e-04 6.606351e+03 4.804976e+01
1.100000e+01 1.363815e-02 1.859992e-04 6.618076e+03 4.659287e+01
1.200000e+01 1.308347e-02 1.711771e-04 6.628395e+03 4.576689e+01
1.300000e+01 1.258909e-02 1.584852e-04 6.637192e+03 4.517063e+01
1.400000e+01 1.214215e-02 1.474319e-04 6.644594e+03 4.469566e+01
1.500000e+01 1.173488e-02 1.377075e-04 6.650739e+03 4.357139e+01
1.600000e+01 1.136244e-02 1.291051e-04 6.655635e+03 4.175243e+01
1.700000e+01 1.101978e-02 1.214355e-04 6.658983e+03 3.957620e+01
1.800000e+01 1.070361e-02 1.145673e-04 6.660741e+03 3.731749e+01
1.900000e+01 1.041514e-02 1.084752e-04 6.660426e+03 3.512993e+01
2.000000e+01 1.015494e-02 1.031229e-04 6.657773e+03 3.309052e+01
2.100000e+01 9.921304e-03 9.843228e-05 6.653026e+03 3.121702e+01
2.200000e+01 9.714567e-03 9.437281e-05 6.646380e+03 2.950146e+01
2.300000e+01 9.529211e-03 9.080585e-05 6.638161e+03 2.792969e+01
2.400000e+01 9.358827e-03 8.758764e-05 6.628786e+03 2.648639e+01
2.500000e+01 9.198842e-03 8.461870e-05 6.618712e+03 2.515708e+01
2.600000e+01 9.045904e-03 8.182838e-05 6.608209e+03 2.392895e+01
2.700000e+01 8.898679e-03 7.918649e-05 6.597300e+03 2.279092e+01
2.800000e+01 8.760217e-03 7.674140e-05 6.586107e+03 2.206506e+01
2.900000e+01 8.635833e-03 7.457762e-05 6.574916e+03 2.194368e+01
3.000000e+01 8.526501e-03 7.270122e-05 6.563739e+03 2.227250e+01
3.100000e+01 8.427898e-03 7.102946e-05 6.552525e+03 2.331453e+01
3.200000e+01 8.333529e-03 6.944770e-05 6.541249e+03 2.395371e+01
3.300000e+01 8.236875e-03 6.784610e-05 6.529794e+03 2.449965e+01
3.400000e+01 8.134403e-03 6.616852e-05 6.517990e+03 2.454042e+01
3.500000e+01 8.027126e-03 6.443475e-05 6.505736e+03 2.411048e+01
3.600000e+01 7.919421e-03 6.271724e-05 6.492883e+03 2.344993e+01
3.700000e+01 7.814681e-03 6.106924e-05 6.479490e+03 2.272316e+01
3.800000e+01 7.714838e-03 5.951872e-05 6.465298e+03 2.200391e+01
3.900000e+01 7.621205e-03 5.808277e-05 6.450117e+03 2.131417e+01
4.000000e+01 7.530693e-03 5.671134e-05 6.434133e+03 2.065669e+01
4.100000e+01 7.441340e-03 5.537354e-05 6.417504e+03 2.003065e+01
4.200000e+01 7.353702e-03 5.407694e-05 6.400321e+03 1.943418e+01
4.300000e+01 7.269261e-03 5.284216e-05 6.382752e+03 1.886527e+01
4.400000e+01 7.189228e-03 5.168499e-05 6.364451e+03 1.832208e+01
4.500000e+01 7.113659e-03 5.060414e-05 6.345109e+03 1.780290e+01
4.600000e+01 7.043074e-03 4.960489e-05 6.324835e+03 1.730618e+01
4.700000e+01 6.976628e-03 4.867334e-05 6.303638e+03 1.721746e+01
4.800000e+01 6.913227e-03 4.779271e-05 6.281502e+03 1.706898e+01
4.900000e+01 6.851131e-03 4.693800e-05 6.258463e+03 1.675419e+01
5.000000e+01 6.790227e-03 4.610718e-05 6.234622e+03 1.638733e+01
5.100000e+01 6.731912e-03 4.531864e-05 6.209990e+03 1.601713e+01
5.200000e+01 6.677733e-03 4.459212e-05 6.185052e+03 1.565745e+01
5.300000e+01 6.628267e-03 4.393392e-05 6.160209e+03 1.531028e+01
5.400000e+01 6.583061e-03 4.333669e-05 6.135572e+03 1.497543e+01
5.500000e+01 6.540659e-03 4.278022e-05 6.111212e+03 1.465232e+01
5.600000e+01 6.500088e-03 4.225115e-05 6.087249e+03 1.434023e+01
5.700000e+01 6.461235e-03 4.174756e-05 6.063376e+03 1.413318e+01
5.800000e+01 6.423668e-03 4.126351e-05 6.039317e+03 1.392817e+01
5.900000e+01 6.386703e-03 4.078997e-05 6.015022e+03 1.407168e+01
6.000000e+01 6.349778e-03 4.031969e-05 5.990136e+03 1.470408e+01
6.100000e+01 6.312596e-03 3.984887e-05 5.964664e+03 1.550923e+01
6.200000e+01 6.274861e-03 3.937388e-05 5.938641e+03 1.635148e+01
6.300000e+01 6.236347e-03 3.889202e-05 5.911434e+03 1.703959e+01
6.400000e+01 6.198094e-03 3.841637e-05 5.883117e+03 1.731769e+01
6.500000e+01 6.161647e-03 3.796589e-05 5.853798e+03 1.764585e+01
6.600000e+01 6.127321e-03 3.754406e-05 5.823573e+03 1.770825e+01
6.700000e+01 6.095983e-03 3.716100e-05 5.792511e+03 1.755238e+01
6.800000e+01 6.067657e-03 3.681646e-05 5.761025e+03 1.731834e+01
6.900000e+01 6.040186e-03 3.648385e-05 5.729392e+03 1.705674e+01
7.000000e+01 6.011260e-03 3.613525e-05 5.697739e+03 1.680419e+01
7.100000e+01 5.979827e-03 3.575833e-05 5.666284e+03 1.688540e+01
7.200000e+01 5.946627e-03 3.536237e-05 5.635162e+03 1.688028e+01
7.300000e+01 5.911185e-03 3.494211e-05 5.604436e+03 1.669039e+01
7.400000e+01 5.873343e-03 3.449616e-05 5.573977e+03 1.641673e+01
7.500000e+01 5.832880e-03 3.402249e-05 5.543690e+03 1.611788e+01
7.600000e+01 5.790157e-03 3.352592e-05 5.513476e+03 1.581780e+01
7.700000e+01 5.746321e-03 3.302021e-05 5.483450e+03 1.552353e+01
7.800000e+01 5.701810e-03 3.251064e-05 5.453832e+03 1.523647e+01
7.900000e+01 5.656563e-03 3.199671e-05 5.424536e+03 1.495661e+01
8.000000e+01 5.611122e-03 3.148469e-05 5.395536e+03 1.468372e+01
8.100000e+01 5.567156e-03 3.099323e-05 5.366990e+03 1.441756e+01
8.200000e+01 5.525541e-03 3.053160e-05 5.338951e+03 1.415787e+01
8.300000e+01 5.486635e-03 3.010316e-05 5.311399e+03 1.390443e+01
8.400000e+01 5.449959e-03 2.970205e-05 5.284313e+03 1.365701e+01
8.500000e+01 5.414581e-03 2.931769e-05 5.257780e+03 1.341539e+01
8.600000e+01 5.379499e-03 2.893901e-05 5.231717e+03 1.317939e+01
8.700000e+01 5.344488e-03 2.856355e-05 5.206014e+03 1.294879e+01
8.800000e+01 5.310174e-03 2.819794e-05 5.180593e+03 1.272343e+01
8.900000e+01 5.277283e-03 2.784972e-05 5.155221e+03 1.250312e+01
9.000000e+01 5.245399e-03 2.751421e-05 5.129725e+03 1.228769e+01
9.100000e+01 5.213771e-03 2.718340e-05 5.104133e+03 1.208911e+01
9.200000e+01 5.182257e-03 2.685578e-05 5.078515e+03 1.191918e+01
9.300000e+01 5.151328e-03 2.653618e-05 5.052804e+03 1.175291e+01
9.400000e+01 5.121545e-03 2.623022e-05 5.026866e+03 1.159017e+01
9.500000e+01 5.093282e-03 2.594152e-05 5.000654e+03 1.143084e+01
9.600000e+01 5.066448e-03 2.566890e-05 4.974190e+03 1.127483e+01
9.700000e+01 5.040612e-03 2.540777e-05 4.947531e+03 1.112234e+01
9.800000e+01 5.015338e-03 2.515362e-05 4.920826e+03 1.097405e+01
9.900000e+01 4.990244e-03 2.490253e-05 4.894073e+03 1.082874e+01
1.000000e+02 4.964624e-03 2.464749e-05 4.867220e+03 1.068633e+01
1.010000e+02 4.938940e-03 2.439313e-05 4.840280e+03 1.054674e+01
1.020000e+02 4.912559e-03 2.413324e-05 4.813268e+03 1.040988e+01
1.030000e+02 4.885199e-03 2.386517e-05 4.786241e+03 1.027568e+01
1.040000e+02 4.857684e-03 2.359709e-05 4.759287e+03 1.014405e+01
1.050000e+02 4.830644e-03 2.333512e-05 4.732426e+03 1.001492e+01
1.060000e+02 4.805107e-03 2.308905e-05 4.705617e+03 9.888222e+00
1.070000e+02 4.782030e-03 2.286781e-05 4.678797e+03 9.763890e+00
1.080000e+02 4.762459e-03 2.268101e-05 4.651798e+03 9.649498e+00
1.090000e+02 4.746477e-03 2.252904e-05 4.624524e+03 9.753902e+00
1.100000e+02 4.733651e-03 2.240745e-05 4.596956e+03 9.722335e+00
1.110000e+02 4.723206e-03 2.230868e-05 4.569194e+03 9.622080e+00
1.120000e+02 4.714538e-03 2.222687e-05 4.541297e+03 9.491384e+00
1.130000e+02 4.707077e-03 2.215657e-05 4.513274e+03 9.351968e+00
1.140000e+02 4.699995e-03 2.208995e-05 4.485092e+03 9.212285e+00
1.150000e+02 4.692774e-03 2.202213e-05 4.456754e+03 9.074461e+00
1.160000e+02 4.684773e-03 2.194710e-05 4.428387e+03 8.938936e+00
1.170000e+02 4.675337e-03 2.185878e-05 4.399969e+03 9.101865e+00
1.180000e+02 4.664468e-03 2.175727e-05 4.371604e+03 9.202164e+00
1.190000e+02 4.652231e-03 2.164326e-05 4.343281e+03 9.283114e+00
1.200000e+02 4.638977e-03 2.152011e-05 4.315082e+03 9.427343e+00
1.210000e+02 4.625357e-03 2.139393e-05 4.287040e+03 9.636068e+00
1.220000e+02 4.612118e-03 2.127163e-05 4.259251e+03 9.871319e+00
1.230000e+02 4.599706e-03 2.115730e-05 4.231732e+03 1.007423e+01
1.240000e+02 4.588832e-03 2.105738e-05 4.204518e+03 1.024631e+01
1.250000e+02 4.579302e-03 2.097001e-05 4.177611e+03 1.035375e+01
1.260000e+02 4.570341e-03 2.088801e-05 4.150981e+03 1.035478e+01
1.270000e+02 4.561059e-03 2.080326e-05 4.124574e+03 1.029316e+01
1.280000e+02 4.550772e-03 2.070953e-05 4.098398e+03 1.020904e+01
1.290000e+02 4.539670e-03 2.060861e-05 4.072554e+03 1.007813e+01
1.300000e+02 4.527070e-03 2.049436e-05 4.046981e+03 1.001780e+01
1.310000e+02 4.513017e-03 2.036733e-05 4.021658e+03 1.041776e+01
1.320000e+02 4.497825e-03 2.023043e-05 3.996599e+03 1.083821e+01
1.330000e+02 4.481492e-03 2.008377e-05 3.971792e+03 1.114560e+01
1.340000e+02 4.464216e-03 1.992922e-05 3.947253e+03 1.144894e+01
1.350000e+02 4.446228e-03 1.976894e-05 3.922973e+03 1.170104e+01
1.360000e+02 4.427468e-03 1.960248e-05 3.898891e+03 1.187504e+01
1.370000e+02 4.407869e-03 1.942931e-05 3.875026e+03 1.195937e+01
1.380000e+02 4.387621e-03 1.925122e-05 3.851379e+03 1.194584e+01
1.390000e+02 4.367234e-03 1.907273e-05 3.828011e+03 1.187967e+01
1.400000e+02 4.346739e-03 1.889414e-05 3.804910e+03 1.178790e+01
1.410000e+02 4.325616e-03 1.871095e-05 3.781981e+03 1.168650e+01
1.420000e+02 4.303429e-03 1.851950e-05 3.759255e+03 1.158324e+01
1.430000e+02 4.280370e-03 1.832157e-05 3.736674e+03 1.148045e+01
1.440000e+02 4.256814e-03 1.812047e-05 3.714194e+03 1.137887e+01
1.450000e+02 4.233141e-03 1.791948e-05 3.691775e+03 1.127867e+01
1.460000e+02 4.209446e-03 1.771944e-05 3.669349e+03 1.117984e+01
1.470000e+02 4.185844e-03 1.752129e-05 3.646803e+03 1.108236e+01
1.480000e+02 4.162365e-03 1.732529e-05 3.624150e+03 1.098628e+01
1.490000e+02 4.139322e-03 1.713399e-05 3.601478e+03 1.089181e+01
1.500000e+02 4.117343e-03 1.695251e-05 3.578779e+03 1.079911e+01
1.510000e+02 4.096660e-03 1.678262e-05 3.556015e+03 1.070979e+01
1.520000e+02 4.077169e-03 1.662330e-05 3.533174e+03 1.063081e+01
1.530000e+02 4.058884e-03 1.647454e-05 3.510284e+03 1.058078e+01
1.540000e+02 4.041328e-03 1.633233e-05 3.487377e+03 1.058942e+01
1.550000e+02 4.023810e-03 1.619105e-05 3.464420e+03 1.067123e+01
1.560000e+02 4.005932e-03 1.604749e-05 3.441394e+03 1.079817e+01
1.570000e+02 3.987745e-03 1.590211e-05 3.418358e+03 1.090203e+01
1.580000e+02 3.969313e-03 1.575544e-05 3.395309e+03 1.098554e+01
1.590000e+02 3.950982e-03 1.561026e-05 3.372211e+03 1.100638e+01
1.600000e+02 3.932937e-03 1.546799e-05 3.349032e+03 1.101561e+01
1.610000e+02 3.914917e-03 1.532657e-05 3.325693e+03 1.096971e+01
1.620000e+02 3.896669e-03 1.518403e-05 3.302233e+03 1.089462e+01
1.630000e+02 3.878170e-03 1.504020e-05 3.278695e+03 1.080985e+01
1.640000e+02 3.859530e-03 1.489597e-05 3.255095e+03 1.072339e+01
1.650000e+02 3.841052e-03 1.475368e-05 3.231426e+03 1.063743e+01
1.660000e+02 3.823109e-03 1.461617e-05 3.207660e+03 1.055243e+01
1.670000e+02 3.805732e-03 1.448360e-05 3.183673e+03 1.046843e+01
1.680000e+02 3.788882e-03 1.435563e-05 3.159472e+03 1.038544e+01
1.690000e+02 3.772587e-03 1.423242e-05 3.135012e+03 1.030342e+01
1.700000e+02 3.757040e-03 1.411535e-05 3.110253e+03 1.022237e+01
1.710000e+02 3.742241e-03 1.400436e-05 3.085218e+03 1.014226e+01
1.720000e+02 3.728217e-03 1.389960e-05 3.059915e+03 1.006308e+01
1.730000e+02 3.714738e-03 1.379928e-05 3.034407e+03 9.984817e+00
1.740000e+02 3.701318e-03 1.369976e-05 3.008721e+03 9.907446e+00
1.750000e+02 3.687740e-03 1.359943e-05 2.982854e+03 9.830958e+00
1.760000e+02 3.673998e-03 1.349826e-05 2.956792e+03 9.755337e+00
1.770000e+02 3.660791e-03 1.340139e-05 2.930561e+03 9.680572e+00
1.780000e+02 3.648289e-03 1.331001e-05 2.904202e+03 9.606654e+00
1.790000e+02 3.635691e-03 1.321825e-05 2.877715e+03 9.533574e+00
1.800000e+02 3.622643e-03 1.312354e-05 2.851141e+03 9.461336e+00
1.810000e+02 3.609379e-03 1.302762e-05 2.824628e+03 9.389970e+00
1.820000e+02 3.595711e-03 1.292914e-05 2.797962e+03 9.319369e+00
1.830000e+02 3.581646e-03 1.282818e-05 2.771042e+03 9.249471e+00
1.840000e+02 3.567117e-03 1.272433e-05 2.743985e+03 9.180301e+00
1.850000e+02 3.552084e-03 1.261730e-05 2.716906e+03 9.111868e+00
1.860000e+02 3.536941e-03 1.250995e-05 2.689831e+03 9.044169e+00
1.870000e+02 3.521720e-03 1.240251e-05 2.662832e+03 8.977192e+00
1.880000e+02 3.506432e-03 1.229507e-05 2.635929e+03 8.910927e+00
1.890000e+02 3.491049e-03 1.218742e-05 2.609160e+03 8.845362e+00
1.900000e+02 3.475442e-03 1.207870e-05 2.582560e+03 8.780487e+00
1.910000e+02 3.459572e-03 1.196864e-05 2.556132e+03 8.716291e+00
1.920000e+02 3.443508e-03 1.185774e-05 2.529899e+03 8.679769e+00
1.930000e+02 3.427402e-03 1.174709e-05 2.503904e+03 8.679769e+00
1.940000e+02 3.411649e-03 1.163935e-05 2.478183e+03 8.679769e+00
1.950000e+02 3.396383e-03 1.153541e-05 2.452781e+03 8.679769e+00
1.960000e+02 3.381647e-03 1.143553e-05 2.427684e+03 8.679769e+00
1.970000e+02 3.367182e-03 1.133791e-05 2.402871e+03 8.679769e+00
1.980000e+02 3.352929e-03 1.124213e-05 2.378308e+03 8.679769e+00
1.990000e+02 3.338488e-03 1.114550e-05 2.353982e+03 8.679769e+00
