**************************************************
*            H E D A C   s e a r c h             *
**************************************************
Started on: 2024-11-19 13:57:49.110910

Parameters:
         method: hedac
          x_min:      0.000
          x_max:    193.000
             dx:      1.000
          y_min:      0.000
          y_max:    226.000
             dy:      1.000

          alpha:      1.000
           beta:      0.500
          gamma:      0.100
          kappa:      0.000
             nu:      0.001
        sigma_m:      1.000
        sigma_c:      2.000
       sigma_ac:      0.100
         source:          difsource

         agents:         40
                   57.000,    157.000
                   22.000,    200.000
                  154.000,    128.000
                  147.000,     57.000
                  183.000,     61.000
                  138.000,     71.000
                   98.000,     80.000
                   92.000,     56.000
                   95.000,    144.000
                   57.000,    163.000
                   74.000,    116.000
                   85.000,    150.000
                   73.000,    192.000
                  156.000,    190.000
                   91.000,    136.000
                  100.000,    125.000
                  104.000,    161.000
                  133.000,     90.000
                  158.000,    121.000
                   77.000,    116.000
                  167.000,    192.000
                  182.000,     68.000
                   74.000,    119.000
                   78.000,    113.000
                   37.000,    184.000
                  131.000,     80.000
                   55.000,    146.000
                  164.000,    114.000
                  105.000,     64.000
                  102.000,    122.000
                   26.000,    206.000
                   79.000,     80.000
                   84.000,    150.000
                  112.000,    126.000
                  100.000,    126.000
                  149.000,     37.000
                   74.000,    187.000
                  170.000,     59.000
                  164.000,    102.000
                   84.000,    145.000
