**************************************************
*            H E D A C   s e a r c h             *
**************************************************
Started on: 2024-11-19 13:51:41.110801

Parameters:
         method: hedac
          x_min:      0.000
          x_max:    193.000
             dx:      1.000
          y_min:      0.000
          y_max:    226.000
             dy:      1.000

          alpha:      1.000
           beta:      0.500
          gamma:      0.100
          kappa:      0.000
             nu:      0.001
        sigma_m:      1.000
        sigma_c:      2.000
       sigma_ac:      0.100
         source:          difsource

         agents:         40
                   48.000,    179.000
                  115.000,    198.000
                   59.000,    129.000
                  147.000,    193.000
                  126.000,     85.000
                   51.000,    142.000
                   87.000,    138.000
                   52.000,    166.000
                   78.000,    176.000
                   53.000,    169.000
                  171.000,    106.000
                  101.000,     71.000
                  169.000,    104.000
                   72.000,    196.000
                  131.000,     84.000
                  158.000,    113.000
                  143.000,    142.000
                   86.000,    119.000
                   54.000,    170.000
                   71.000,    135.000
                   31.000,    186.000
                  161.000,    103.000
                  148.000,    188.000
                   38.000,    204.000
                   97.000,     55.000
                  134.000,     87.000
                  104.000,     73.000
                   63.000,    195.000
                  114.000,     65.000
                   42.000,    195.000
                  112.000,    134.000
                   54.000,    149.000
                  136.000,    192.000
                  109.000,    125.000
                  155.000,    134.000
                  113.000,    185.000
                  172.000,    105.000
                  127.000,    137.000
                   73.000,    131.000
                   74.000,    115.000
