**************************************************
*            H E D A C   s e a r c h             *
**************************************************
Started on: 2024-11-05 15:57:13.627921

Parameters:
         method: hedac
          x_min:      0.000
          x_max:    226.000
             dx:      1.000
          y_min:      0.000
          y_max:    315.000
             dy:      1.000

          alpha:      1.000
           beta:      0.500
          gamma:      0.100
          kappa:      0.000
             nu:      0.001
        sigma_m:      1.000
        sigma_c:      2.000
       sigma_ac:      0.100
         source:          difsource

         agents:         40
                   27.000,    228.000
                  100.000,    270.000
                   53.000,    219.000
                   89.000,    184.000
                  152.000,    188.000
                  152.000,     16.000
                  141.000,    230.000
                   43.000,    252.000
                  169.000,    126.000
                  182.000,    147.000
                   70.000,    125.000
                  153.000,     24.000
                  181.000,    152.000
                  159.000,    104.000
                   82.000,    193.000
                  102.000,    202.000
                   34.000,    207.000
                  185.000,    131.000
                   21.000,    232.000
                   92.000,    229.000
                   94.000,    278.000
                  170.000,    138.000
                   52.000,    211.000
                  119.000,    211.000
                  172.000,    138.000
                  165.000,    200.000
                   65.000,    244.000
                  143.000,    214.000
                  157.000,    124.000
                  172.000,     63.000
                  172.000,     97.000
                  108.000,    200.000
                  131.000,    183.000
                   50.000,    212.000
                  120.000,    208.000
                  117.000,    205.000
                   34.000,    233.000
                   11.000,    239.000
                   24.000,    215.000
                   97.000,    225.000
