**************************************************
*            H E D A C   s e a r c h             *
**************************************************
Started on: 2024-11-19 13:51:34.382835

Parameters:
         method: hedac
          x_min:      0.000
          x_max:    193.000
             dx:      1.000
          y_min:      0.000
          y_max:    226.000
             dy:      1.000

          alpha:      1.000
           beta:      0.500
          gamma:      0.100
          kappa:      0.000
             nu:      0.001
        sigma_m:      1.000
        sigma_c:      2.000
       sigma_ac:      0.100
         source:          difsource

         agents:         40
                   54.000,    167.000
                   99.000,     90.000
                  139.000,     97.000
                  133.000,    196.000
                  103.000,     94.000
                  128.000,    135.000
                   50.000,    200.000
                   76.000,    121.000
                  110.000,     95.000
                   56.000,    155.000
                  161.000,    185.000
                   75.000,    144.000
                  110.000,     95.000
                  121.000,    189.000
                  161.000,    177.000
                  153.000,    186.000
                  189.000,     68.000
                  122.000,    137.000
                  146.000,    147.000
                  147.000,    113.000
                   60.000,    212.000
                  147.000,    130.000
                  103.000,    145.000
                   62.000,    215.000
                  171.000,    199.000
                  116.000,    193.000
                  129.000,     74.000
                   57.000,    213.000
                  121.000,    169.000
                  136.000,     94.000
                   95.000,     76.000
                   73.000,    174.000
                   62.000,    216.000
                   62.000,    134.000
                   89.000,    142.000
                  130.000,    189.000
                  146.000,    104.000
                   97.000,    122.000
                   89.000,    120.000
                  108.000,     93.000
