**************************************************
*            H E D A C   s e a r c h             *
**************************************************
Started on: 2024-11-19 16:42:40.613725

Parameters:
         method: hedac
          x_min:      0.000
          x_max:    456.000
             dx:      1.000
          y_min:      0.000
          y_max:    478.000
             dy:      1.000

          alpha:      1.000
           beta:      0.500
          gamma:      0.100
          kappa:      0.000
             nu:      0.001
        sigma_m:      1.000
        sigma_c:      2.000
       sigma_ac:      0.100
         source:          difsource

         agents:         40
                  244.000,     36.000
                   86.000,    218.000
                   23.000,     25.000
                  100.000,     53.000
                  213.000,    310.000
                   64.000,    128.000
                  175.000,     30.000
                  165.000,    271.000
                  170.000,    321.000
                  277.000,    309.000
                  160.000,     90.000
                   51.000,     45.000
                  279.000,    316.000
                  263.000,    203.000
                   92.000,    247.000
                   14.000,     29.000
                   12.000,     30.000
                  122.000,    129.000
                  161.000,    296.000
                   49.000,    164.000
                  161.000,    363.000
                   53.000,    108.000
                   63.000,    249.000
                   29.000,     54.000
                  240.000,     25.000
                  126.000,    276.000
                  252.000,    180.000
                  382.000,    134.000
                  358.000,    119.000
                   73.000,    198.000
                  165.000,    172.000
                  177.000,     93.000
                   70.000,    248.000
                  143.000,    157.000
                  249.000,    129.000
                   87.000,    253.000
                  264.000,    227.000
                   68.000,    146.000
                   96.000,    257.000
                  277.000,     53.000
