**************************************************
*            H E D A C   s e a r c h             *
**************************************************
Started on: 2024-11-19 16:21:23.161321

Parameters:
         method: hedac
          x_min:      0.000
          x_max:    456.000
             dx:      1.000
          y_min:      0.000
          y_max:    478.000
             dy:      1.000

          alpha:      1.000
           beta:      0.500
          gamma:      0.100
          kappa:      0.000
             nu:      0.001
        sigma_m:      1.000
        sigma_c:      2.000
       sigma_ac:      0.100
         source:          difsource

         agents:         40
                  372.000,    131.000
                  161.000,    272.000
                  133.000,    154.000
                  157.000,    167.000
                  171.000,     35.000
                  230.000,    117.000
                  100.000,     51.000
                  145.000,    158.000
                  238.000,    124.000
                  131.000,    279.000
                   57.000,    137.000
                  121.000,    261.000
                  147.000,    177.000
                  198.000,    110.000
                  165.000,    277.000
                   40.000,     30.000
                  193.000,    422.000
                  235.000,    106.000
                  137.000,    153.000
                   64.000,    152.000
                  104.000,    277.000
                  187.000,    286.000
                  177.000,    321.000
                   54.000,    170.000
                  328.000,     70.000
                  249.000,    196.000
                  258.000,    208.000
                  256.000,    194.000
                  171.000,     37.000
                  160.000,    280.000
                  141.000,     42.000
                  270.000,    298.000
                  171.000,    177.000
                  150.000,     45.000
                  350.000,    117.000
                   66.000,    103.000
                  185.000,    194.000
                  274.000,    319.000
                  268.000,    305.000
                   98.000,     53.000
