**************************************************
*            H E D A C   s e a r c h             *
**************************************************
Started on: 2024-11-01 10:46:53.801584

Parameters:
         method: hedac
          x_min:      0.000
          x_max:    226.000
             dx:      1.000
          y_min:      0.000
          y_max:    315.000
             dy:      1.000

          alpha:      1.000
           beta:      0.500
          gamma:      0.100
          kappa:      0.000
             nu:      0.001
        sigma_m:      1.000
        sigma_c:      2.000
       sigma_ac:      0.100
         source:          difsource

         agents:         40
                   59.000,    224.000
                   57.000,    211.000
                  127.000,    117.000
                  155.000,    209.000
                  168.000,     81.000
                  166.000,    190.000
                  176.000,    103.000
                   58.000,    239.000
                  180.000,    127.000
                  134.000,    112.000
                  124.000,    211.000
                   47.000,    213.000
                  161.000,     59.000
                  155.000,     41.000
                   48.000,    216.000
                  153.000,     71.000
                  122.000,    222.000
                  152.000,     43.000
                   28.000,    212.000
                  151.000,     20.000
                   37.000,    207.000
                   58.000,    226.000
                  156.000,    122.000
                  162.000,    100.000
                   97.000,    195.000
                  114.000,    258.000
                  142.000,    173.000
                  162.000,    189.000
                  170.000,    131.000
                  174.000,    126.000
                  106.000,    189.000
                   58.000,    308.000
                   36.000,    219.000
                  192.000,     97.000
                  107.000,    187.000
                  182.000,     74.000
                  177.000,    120.000
                  130.000,    105.000
                  150.000,    156.000
                  180.000,    117.000
