**************************************************
*            H E D A C   s e a r c h             *
**************************************************
Started on: 2024-11-19 14:00:52.470548

Parameters:
         method: hedac
          x_min:      0.000
          x_max:    193.000
             dx:      1.000
          y_min:      0.000
          y_max:    226.000
             dy:      1.000

          alpha:      1.000
           beta:      0.500
          gamma:      0.100
          kappa:      0.000
             nu:      0.001
        sigma_m:      1.000
        sigma_c:      2.000
       sigma_ac:      0.100
         source:          difsource

         agents:         40
                  136.000,    133.000
                  164.000,    195.000
                  157.000,    125.000
                   71.000,    133.000
                  132.000,    169.000
                  146.000,    102.000
                  141.000,     99.000
                   38.000,    195.000
                   46.000,    198.000
                  128.000,    133.000
                   99.000,    135.000
                  119.000,    132.000
                  153.000,    182.000
                   52.000,    162.000
                  137.000,    136.000
                   55.000,    216.000
                  158.000,     35.000
                  174.000,     62.000
                   52.000,    189.000
                   76.000,    133.000
                  155.000,    189.000
                  117.000,      2.000
                  168.000,    196.000
                   62.000,    191.000
                   54.000,    126.000
                   24.000,    204.000
                   74.000,    172.000
                  123.000,     82.000
                  168.000,     98.000
                   94.000,    123.000
                  159.000,     41.000
                  156.000,    119.000
                   95.000,    143.000
                   55.000,    138.000
                   68.000,    135.000
                   94.000,     86.000
                  157.000,    133.000
                   50.000,    168.000
                   87.000,     89.000
                  161.000,    122.000
