**************************************************
*            H E D A C   s e a r c h             *
**************************************************
Started on: 2024-11-19 13:57:42.609944

Parameters:
         method: hedac
          x_min:      0.000
          x_max:    193.000
             dx:      1.000
          y_min:      0.000
          y_max:    226.000
             dy:      1.000

          alpha:      1.000
           beta:      0.500
          gamma:      0.100
          kappa:      0.000
             nu:      0.001
        sigma_m:      1.000
        sigma_c:      2.000
       sigma_ac:      0.100
         source:          difsource

         agents:         40
                  154.000,    146.000
                   70.000,    137.000
                  162.000,    131.000
                  119.000,     89.000
                  164.000,    102.000
                  106.000,    120.000
                   40.000,    198.000
                   95.000,    178.000
                   51.000,    210.000
                   50.000,    177.000
                  160.000,    125.000
                  153.000,    134.000
                  120.000,    164.000
                  150.000,    189.000
                  155.000,    141.000
                  174.000,     58.000
                   68.000,    195.000
                   88.000,     88.000
                  175.000,     60.000
                   29.000,    182.000
                  171.000,    197.000
                  164.000,    124.000
                  115.000,     67.000
                   52.000,    216.000
                   41.000,    188.000
                  118.000,    132.000
                   74.000,    177.000
                   83.000,    122.000
                   30.000,    191.000
                   61.000,    106.000
                   68.000,    136.000
                  132.000,     96.000
                   98.000,     57.000
                  152.000,    146.000
                   55.000,    196.000
                  141.000,     29.000
                  129.000,    134.000
                   43.000,    184.000
                  183.000,     61.000
                  156.000,    186.000
