**************************************************
*            H E D A C   s e a r c h             *
**************************************************
Started on: 2024-11-19 13:57:35.196474

Parameters:
         method: hedac
          x_min:      0.000
          x_max:    193.000
             dx:      1.000
          y_min:      0.000
          y_max:    226.000
             dy:      1.000

          alpha:      1.000
           beta:      0.500
          gamma:      0.100
          kappa:      0.000
             nu:      0.001
        sigma_m:      1.000
        sigma_c:      2.000
       sigma_ac:      0.100
         source:          difsource

         agents:         40
                  136.000,    193.000
                   95.000,    145.000
                  157.000,    170.000
                   37.000,    191.000
                  106.000,     73.000
                  114.000,      4.000
                   79.000,    115.000
                  127.000,     16.000
                   77.000,    191.000
                  147.000,    151.000
                  170.000,    197.000
                  155.000,    193.000
                  104.000,     69.000
                  163.000,    124.000
                  170.000,    114.000
                  156.000,    142.000
                  100.000,     57.000
                   28.000,    191.000
                  132.000,     97.000
                   69.000,    196.000
                   60.000,    167.000
                  148.000,     63.000
                  102.000,     80.000
                  144.000,    125.000
                   39.000,    196.000
                  112.000,    157.000
                  162.000,    122.000
                  100.000,    129.000
                   98.000,    143.000
                  155.000,     44.000
                   76.000,    114.000
                  114.000,    132.000
                  181.000,     69.000
                  146.000,    109.000
                   91.000,    124.000
                  117.000,    185.000
                   74.000,    115.000
                   49.000,    189.000
                  110.000,    100.000
                  159.000,    116.000
