**************************************************
*            H E D A C   s e a r c h             *
**************************************************
Started on: 2024-11-19 17:02:38.560824

Parameters:
         method: hedac
          x_min:      0.000
          x_max:    456.000
             dx:      1.000
          y_min:      0.000
          y_max:    478.000
             dy:      1.000

          alpha:      1.000
           beta:      0.500
          gamma:      0.100
          kappa:      0.000
             nu:      0.001
        sigma_m:      1.000
        sigma_c:      2.000
       sigma_ac:      0.100
         source:          difsource

         agents:         40
                  289.000,     41.000
                  185.000,    305.000
                  280.000,    320.000
                  180.000,    411.000
                  191.000,    193.000
                  180.000,    410.000
                   70.000,    240.000
                  178.000,     35.000
                  254.000,    160.000
                  352.000,    115.000
                  104.000,    264.000
                   70.000,    155.000
                  167.000,    328.000
                  452.000,    164.000
                   85.000,     59.000
                  143.000,    245.000
                  118.000,    273.000
                  182.000,    311.000
                  218.000,    111.000
                  129.000,    276.000
                   31.000,     35.000
                  197.000,    426.000
                  141.000,    150.000
                   76.000,    205.000
                  165.000,    300.000
                  133.000,    118.000
                  157.000,    244.000
                  121.000,    255.000
                   89.000,    218.000
                  199.000,    435.000
                   43.000,     57.000
                  234.000,    285.000
                  193.000,    195.000
                   97.000,    249.000
                  142.000,    107.000
                  169.000,     48.000
                   74.000,    246.000
                  146.000,     43.000
                   74.000,    243.000
                  342.000,     82.000
