**************************************************
*            H E D A C   s e a r c h             *
**************************************************
Started on: 2024-11-19 14:45:04.328695

Parameters:
         method: hedac
          x_min:      0.000
          x_max:    149.000
             dx:      1.000
          y_min:      0.000
          y_max:    307.000
             dy:      1.000

          alpha:      1.000
           beta:      0.500
          gamma:      0.100
          kappa:      0.000
             nu:      0.001
        sigma_m:      1.000
        sigma_c:      2.000
       sigma_ac:      0.100
         source:          difsource

         agents:         40
                  102.000,     70.000
                   85.000,    182.000
                  117.000,     85.000
                   43.000,    172.000
                   50.000,    170.000
                  105.000,     91.000
                   56.000,    192.000
                  108.000,     71.000
                   45.000,    157.000
                   99.000,    278.000
                  105.000,    283.000
                   87.000,    144.000
                  117.000,     79.000
                   71.000,    177.000
                  114.000,    228.000
                   46.000,    192.000
                   63.000,    164.000
                   92.000,     47.000
                   75.000,    298.000
                   83.000,    176.000
                   46.000,    207.000
                  115.000,    256.000
                   79.000,    151.000
                   46.000,    134.000
                   52.000,    162.000
                   86.000,    143.000
                   34.000,    190.000
                   59.000,     93.000
                   60.000,     43.000
                  119.000,     84.000
                  121.000,    237.000
                   63.000,    234.000
                   68.000,    233.000
                  103.000,    279.000
                   28.000,    179.000
                   50.000,    160.000
                   48.000,    157.000
                   68.000,    292.000
                   56.000,    196.000
                   42.000,    160.000
