**************************************************
*            H E D A C   s e a r c h             *
**************************************************
Started on: 2024-11-19 17:03:05.578915

Parameters:
         method: hedac
          x_min:      0.000
          x_max:    456.000
             dx:      1.000
          y_min:      0.000
          y_max:    478.000
             dy:      1.000

          alpha:      1.000
           beta:      0.500
          gamma:      0.100
          kappa:      0.000
             nu:      0.001
        sigma_m:      1.000
        sigma_c:      2.000
       sigma_ac:      0.100
         source:          difsource

         agents:         40
                  262.000,    206.000
                  249.000,    169.000
                  179.000,    272.000
                  211.000,    304.000
                  151.000,    271.000
                   56.000,    187.000
                  241.000,    186.000
                  195.000,    430.000
                  227.000,    458.000
                  269.000,    298.000
                  130.000,     53.000
                  213.000,    226.000
                   14.000,     29.000
                  184.000,    238.000
                  262.000,    196.000
                  180.000,    311.000
                   64.000,    178.000
                  156.000,    172.000
                  112.000,     53.000
                  124.000,    128.000
                  183.000,    315.000
                  210.000,    249.000
                  201.000,    303.000
                  299.000,     47.000
                   28.000,     25.000
                  303.000,     44.000
                  326.000,     56.000
                  261.000,    234.000
                  142.000,    250.000
                  196.000,    289.000
                  138.000,    157.000
                  142.000,    257.000
                   35.000,     22.000
                  161.000,    276.000
                   53.000,     65.000
                  164.000,    341.000
                  252.000,    171.000
                   42.000,     58.000
                  376.000,    130.000
                   53.000,    226.000
