**************************************************
*            H E D A C   s e a r c h             *
**************************************************
Started on: 2024-11-19 16:42:17.110802

Parameters:
         method: hedac
          x_min:      0.000
          x_max:    456.000
             dx:      1.000
          y_min:      0.000
          y_max:    478.000
             dy:      1.000

          alpha:      1.000
           beta:      0.500
          gamma:      0.100
          kappa:      0.000
             nu:      0.001
        sigma_m:      1.000
        sigma_c:      2.000
       sigma_ac:      0.100
         source:          difsource

         agents:         40
                  212.000,    307.000
                  272.000,    315.000
                  138.000,    166.000
                  288.000,     41.000
                  119.000,     54.000
                  270.000,    229.000
                  192.000,    223.000
                  255.000,    128.000
                  141.000,    263.000
                  171.000,     35.000
                  184.000,    235.000
                  149.000,    299.000
                  260.000,    267.000
                  153.000,    261.000
                   23.000,     53.000
                  144.000,    256.000
                  152.000,    163.000
                  105.000,    257.000
                  251.000,    184.000
                  222.000,    456.000
                  198.000,    431.000
                   63.000,     76.000
                  366.000,    124.000
                  168.000,    401.000
                  249.000,    152.000
                  196.000,    284.000
                   56.000,    128.000
                  296.000,     45.000
                   49.000,    227.000
                  216.000,    444.000
                   32.000,     50.000
                  149.000,    173.000
                   87.000,    191.000
                  109.000,     52.000
                  364.000,    128.000
                  144.000,    252.000
                   63.000,    234.000
                  208.000,    239.000
                  247.000,    193.000
                  333.000,     73.000
