**************************************************
*            H E D A C   s e a r c h             *
**************************************************
Started on: 2024-11-19 17:02:09.801708

Parameters:
         method: hedac
          x_min:      0.000
          x_max:    456.000
             dx:      1.000
          y_min:      0.000
          y_max:    478.000
             dy:      1.000

          alpha:      1.000
           beta:      0.500
          gamma:      0.100
          kappa:      0.000
             nu:      0.001
        sigma_m:      1.000
        sigma_c:      2.000
       sigma_ac:      0.100
         source:          difsource

         agents:         40
                  416.000,    155.000
                   50.000,    165.000
                   57.000,     77.000
                   74.000,     54.000
                  185.000,    284.000
                   69.000,    177.000
                  143.000,    242.000
                   67.000,     55.000
                   88.000,    243.000
                  265.000,    244.000
                   49.000,     40.000
                  267.000,    291.000
                  175.000,    273.000
                   61.000,     74.000
                   78.000,    186.000
                   35.000,     43.000
                  127.000,    145.000
                  260.000,    273.000
                   99.000,     54.000
                  223.000,    457.000
                  159.000,    248.000
                  267.000,     43.000
                  234.000,    457.000
                  270.000,    283.000
                   76.000,     58.000
                  398.000,    145.000
                  259.000,    273.000
                  181.000,     25.000
                  257.000,    203.000
                  252.000,    174.000
                  165.000,    370.000
                  172.000,    410.000
                  265.000,    285.000
                  176.000,    242.000
                   65.000,     82.000
                  255.000,    131.000
                  178.000,    408.000
                  248.000,    102.000
                  244.000,    306.000
                   50.000,    210.000
