           t           E1           E2           E3           E4
0.000000e+00 2.345103e-02 5.499509e-04 1.651004e+03 8.225700e+01
1.000000e+00 2.268477e-02 5.145987e-04 1.644866e+03 8.008964e+01
2.000000e+00 2.176168e-02 4.735709e-04 1.637169e+03 7.472815e+01
3.000000e+00 2.071557e-02 4.291349e-04 1.628174e+03 7.012060e+01
4.000000e+00 1.957162e-02 3.830482e-04 1.617840e+03 6.357001e+01
5.000000e+00 1.837844e-02 3.377670e-04 1.605959e+03 5.579007e+01
6.000000e+00 1.719061e-02 2.955171e-04 1.592843e+03 4.888357e+01
7.000000e+00 1.606767e-02 2.581700e-04 1.579079e+03 4.282149e+01
8.000000e+00 1.504817e-02 2.264474e-04 1.564996e+03 3.750918e+01
9.000000e+00 1.414219e-02 2.000015e-04 1.550523e+03 3.312201e+01
1.000000e+01 1.334654e-02 1.781300e-04 1.535693e+03 2.958383e+01
1.100000e+01 1.265703e-02 1.602003e-04 1.520939e+03 2.672270e+01
1.200000e+01 1.206617e-02 1.455924e-04 1.506651e+03 2.432569e+01
1.300000e+01 1.155813e-02 1.335903e-04 1.493305e+03 2.229008e+01
1.400000e+01 1.111977e-02 1.236493e-04 1.480918e+03 2.054013e+01
1.500000e+01 1.073823e-02 1.153097e-04 1.469281e+03 1.901968e+01
1.600000e+01 1.040440e-02 1.082516e-04 1.458287e+03 1.768637e+01
1.700000e+01 1.010375e-02 1.020857e-04 1.447893e+03 1.784730e+01
1.800000e+01 9.827485e-03 9.657946e-05 1.438244e+03 1.749341e+01
1.900000e+01 9.579266e-03 9.176233e-05 1.429308e+03 1.705976e+01
2.000000e+01 9.358595e-03 8.758330e-05 1.420882e+03 1.745589e+01
2.100000e+01 9.159006e-03 8.388740e-05 1.413224e+03 1.759519e+01
2.200000e+01 8.976754e-03 8.058212e-05 1.406917e+03 1.756014e+01
2.300000e+01 8.810265e-03 7.762077e-05 1.400872e+03 1.692222e+01
2.400000e+01 8.656836e-03 7.494082e-05 1.394443e+03 1.603084e+01
2.500000e+01 8.509743e-03 7.241573e-05 1.387966e+03 1.509285e+01
2.600000e+01 8.364759e-03 6.996919e-05 1.381560e+03 1.419191e+01
2.700000e+01 8.222795e-03 6.761436e-05 1.375253e+03 1.334910e+01
2.800000e+01 8.081922e-03 6.531746e-05 1.369038e+03 1.276937e+01
2.900000e+01 7.937888e-03 6.301006e-05 1.362986e+03 1.244298e+01
3.000000e+01 7.788710e-03 6.066401e-05 1.357185e+03 1.242386e+01
3.100000e+01 7.636141e-03 5.831065e-05 1.351760e+03 1.257617e+01
3.200000e+01 7.484180e-03 5.601294e-05 1.346934e+03 1.244424e+01
3.300000e+01 7.335136e-03 5.380422e-05 1.342684e+03 1.205360e+01
3.400000e+01 7.190570e-03 5.170430e-05 1.338857e+03 1.160414e+01
3.500000e+01 7.052164e-03 4.973301e-05 1.335375e+03 1.116369e+01
3.600000e+01 6.922458e-03 4.792043e-05 1.332193e+03 1.089697e+01
3.700000e+01 6.803175e-03 4.628320e-05 1.329428e+03 1.054050e+01
3.800000e+01 6.695180e-03 4.482544e-05 1.327072e+03 1.024378e+01
3.900000e+01 6.601662e-03 4.358194e-05 1.325043e+03 1.010160e+01
4.000000e+01 6.520231e-03 4.251341e-05 1.323312e+03 1.058534e+01
4.100000e+01 6.443996e-03 4.152508e-05 1.321899e+03 1.101250e+01
4.200000e+01 6.367765e-03 4.054843e-05 1.320799e+03 1.126028e+01
4.300000e+01 6.289366e-03 3.955613e-05 1.319898e+03 1.220934e+01
4.400000e+01 6.209342e-03 3.855593e-05 1.319217e+03 1.272183e+01
4.500000e+01 6.130803e-03 3.758674e-05 1.318496e+03 1.291418e+01
4.600000e+01 6.055285e-03 3.666648e-05 1.317674e+03 1.299824e+01
4.700000e+01 5.981379e-03 3.577690e-05 1.316717e+03 1.307090e+01
4.800000e+01 5.907186e-03 3.489484e-05 1.315751e+03 1.306958e+01
4.900000e+01 5.832742e-03 3.402088e-05 1.314893e+03 1.304611e+01
5.000000e+01 5.759080e-03 3.316700e-05 1.314209e+03 1.298173e+01
5.100000e+01 5.686595e-03 3.233737e-05 1.313774e+03 1.283943e+01
5.200000e+01 5.615780e-03 3.153698e-05 1.313501e+03 1.270839e+01
5.300000e+01 5.548025e-03 3.078058e-05 1.313313e+03 1.249107e+01
5.400000e+01 5.484633e-03 3.008120e-05 1.313132e+03 1.219667e+01
5.500000e+01 5.426181e-03 2.944344e-05 1.312872e+03 1.187605e+01
5.600000e+01 5.371347e-03 2.885136e-05 1.312476e+03 1.155514e+01
5.700000e+01 5.318279e-03 2.828409e-05 1.311964e+03 1.124265e+01
5.800000e+01 5.267149e-03 2.774286e-05 1.311359e+03 1.094039e+01
5.900000e+01 5.219190e-03 2.723994e-05 1.310792e+03 1.064826e+01
6.000000e+01 5.175863e-03 2.678956e-05 1.310280e+03 1.036583e+01
6.100000e+01 5.136936e-03 2.638811e-05 1.309837e+03 1.009261e+01
6.200000e+01 5.102037e-03 2.603078e-05 1.309531e+03 9.828182e+00
6.300000e+01 5.071072e-03 2.571577e-05 1.309346e+03 9.572113e+00
6.400000e+01 5.043316e-03 2.543504e-05 1.309233e+03 9.324015e+00
6.500000e+01 5.017298e-03 2.517328e-05 1.309175e+03 9.083524e+00
6.600000e+01 4.991815e-03 2.491821e-05 1.309275e+03 9.306093e+00
6.700000e+01 4.966593e-03 2.466705e-05 1.309552e+03 9.959501e+00
6.800000e+01 4.941875e-03 2.442213e-05 1.309934e+03 1.042801e+01
6.900000e+01 4.918754e-03 2.419414e-05 1.310402e+03 1.065049e+01
7.000000e+01 4.899736e-03 2.400741e-05 1.310978e+03 1.079917e+01
7.100000e+01 4.886603e-03 2.387889e-05 1.311739e+03 1.113507e+01
7.200000e+01 4.878752e-03 2.380223e-05 1.312689e+03 1.152839e+01
7.300000e+01 4.872974e-03 2.374588e-05 1.313711e+03 1.180544e+01
7.400000e+01 4.866233e-03 2.368022e-05 1.314781e+03 1.190237e+01
7.500000e+01 4.856129e-03 2.358199e-05 1.315915e+03 1.190396e+01
7.600000e+01 4.840976e-03 2.343505e-05 1.317080e+03 1.181549e+01
7.700000e+01 4.820296e-03 2.323525e-05 1.318240e+03 1.164804e+01
7.800000e+01 4.795266e-03 2.299457e-05 1.319328e+03 1.145272e+01
7.900000e+01 4.769091e-03 2.274423e-05 1.320305e+03 1.125702e+01
8.000000e+01 4.745375e-03 2.251858e-05 1.321206e+03 1.106961e+01
8.100000e+01 4.726519e-03 2.233999e-05 1.321968e+03 1.087647e+01
8.200000e+01 4.713796e-03 2.221987e-05 1.322533e+03 1.067928e+01
8.300000e+01 4.706448e-03 2.215065e-05 1.322762e+03 1.048605e+01
8.400000e+01 4.702535e-03 2.211384e-05 1.322593e+03 1.029528e+01
8.500000e+01 4.700851e-03 2.209800e-05 1.321952e+03 1.010860e+01
8.600000e+01 4.700920e-03 2.209865e-05 1.320856e+03 9.926191e+00
8.700000e+01 4.702353e-03 2.211213e-05 1.319256e+03 9.747958e+00
8.800000e+01 4.705591e-03 2.214258e-05 1.317208e+03 9.573765e+00
8.900000e+01 4.709639e-03 2.218070e-05 1.314706e+03 9.403476e+00
9.000000e+01 4.711800e-03 2.220106e-05 1.311741e+03 9.236961e+00
9.100000e+01 4.709470e-03 2.217911e-05 1.308346e+03 9.074095e+00
9.200000e+01 4.701708e-03 2.210606e-05 1.304501e+03 8.914762e+00
9.300000e+01 4.688003e-03 2.197737e-05 1.300196e+03 8.758846e+00
9.400000e+01 4.668615e-03 2.179596e-05 1.295458e+03 8.606239e+00
9.500000e+01 4.644699e-03 2.157323e-05 1.290372e+03 8.456836e+00
9.600000e+01 4.617824e-03 2.132430e-05 1.285015e+03 8.310539e+00
9.700000e+01 4.590553e-03 2.107318e-05 1.279422e+03 8.167250e+00
9.800000e+01 4.564757e-03 2.083701e-05 1.273591e+03 8.026878e+00
9.900000e+01 4.541370e-03 2.062404e-05 1.267586e+03 7.889336e+00
1.000000e+02 4.519281e-03 2.042391e-05 1.261440e+03 7.754538e+00
1.010000e+02 4.497203e-03 2.022483e-05 1.255229e+03 7.622402e+00
1.020000e+02 4.474568e-03 2.002176e-05 1.248930e+03 7.492852e+00
1.030000e+02 4.451611e-03 1.981684e-05 1.242486e+03 7.365811e+00
1.040000e+02 4.428796e-03 1.961424e-05 1.235900e+03 7.241208e+00
1.050000e+02 4.406663e-03 1.941868e-05 1.229215e+03 7.118973e+00
1.060000e+02 4.385221e-03 1.923016e-05 1.222456e+03 6.999038e+00
1.070000e+02 4.363820e-03 1.904293e-05 1.215648e+03 6.881341e+00
1.080000e+02 4.341349e-03 1.884731e-05 1.208791e+03 6.765818e+00
1.090000e+02 4.317300e-03 1.863908e-05 1.201871e+03 6.652411e+00
1.100000e+02 4.291270e-03 1.841500e-05 1.194934e+03 6.541061e+00
1.110000e+02 4.263714e-03 1.817926e-05 1.188062e+03 6.431713e+00
1.120000e+02 4.233844e-03 1.792543e-05 1.181266e+03 6.324313e+00
1.130000e+02 4.201391e-03 1.765169e-05 1.174512e+03 6.218811e+00
1.140000e+02 4.166348e-03 1.735846e-05 1.167808e+03 6.115161e+00
1.150000e+02 4.129859e-03 1.705573e-05 1.161159e+03 6.013353e+00
1.160000e+02 4.092476e-03 1.674836e-05 1.154570e+03 5.913482e+00
1.170000e+02 4.054335e-03 1.643763e-05 1.147923e+03 5.815791e+00
1.180000e+02 4.015733e-03 1.612611e-05 1.141167e+03 5.720641e+00
1.190000e+02 3.976697e-03 1.581412e-05 1.134290e+03 5.627967e+00
1.200000e+02 3.937538e-03 1.550420e-05 1.127317e+03 5.536876e+00
1.210000e+02 3.898902e-03 1.520144e-05 1.120259e+03 5.447885e+00
1.220000e+02 3.861390e-03 1.491033e-05 1.113251e+03 5.359668e+00
1.230000e+02 3.825598e-03 1.463520e-05 1.106355e+03 5.275004e+00
1.240000e+02 3.791732e-03 1.437723e-05 1.099542e+03 5.190218e+00
1.250000e+02 3.759968e-03 1.413736e-05 1.092850e+03 5.107873e+00
1.260000e+02 3.731233e-03 1.392210e-05 1.086263e+03 5.036796e+00
1.270000e+02 3.705665e-03 1.373196e-05 1.079764e+03 4.964253e+00
1.280000e+02 3.683213e-03 1.356606e-05 1.073396e+03 4.886028e+00
1.290000e+02 3.663596e-03 1.342193e-05 1.067179e+03 4.827617e+00
1.300000e+02 3.646353e-03 1.329589e-05 1.061058e+03 4.788189e+00
1.310000e+02 3.631039e-03 1.318444e-05 1.055061e+03 4.745823e+00
1.320000e+02 3.617115e-03 1.308352e-05 1.049281e+03 4.703106e+00
1.330000e+02 3.604402e-03 1.299171e-05 1.043708e+03 4.660851e+00
1.340000e+02 3.592874e-03 1.290874e-05 1.038335e+03 4.619238e+00
1.350000e+02 3.582723e-03 1.283591e-05 1.033081e+03 4.578265e+00
1.360000e+02 3.573865e-03 1.277251e-05 1.027838e+03 4.587694e+00
1.370000e+02 3.565122e-03 1.271009e-05 1.022500e+03 4.603578e+00
1.380000e+02 3.555681e-03 1.264287e-05 1.017041e+03 4.619254e+00
1.390000e+02 3.545256e-03 1.256884e-05 1.011456e+03 4.634721e+00
1.400000e+02 3.534359e-03 1.249169e-05 1.005839e+03 4.739925e+00
1.410000e+02 3.523132e-03 1.241246e-05 1.000224e+03 4.786097e+00
1.420000e+02 3.511614e-03 1.233143e-05 9.946418e+02 4.778369e+00
1.430000e+02 3.499798e-03 1.224858e-05 9.891053e+02 4.744771e+00
1.440000e+02 3.487887e-03 1.216535e-05 9.836222e+02 4.708888e+00
1.450000e+02 3.475869e-03 1.208166e-05 9.781593e+02 4.723109e+00
1.460000e+02 3.463491e-03 1.199577e-05 9.726787e+02 4.737137e+00
1.470000e+02 3.450476e-03 1.190578e-05 9.671878e+02 4.750974e+00
1.480000e+02 3.436587e-03 1.181013e-05 9.617177e+02 4.764624e+00
1.490000e+02 3.421949e-03 1.170974e-05 9.562423e+02 4.779740e+00
1.500000e+02 3.406979e-03 1.160751e-05 9.507516e+02 4.796189e+00
1.510000e+02 3.392212e-03 1.150710e-05 9.452170e+02 4.812421e+00
1.520000e+02 3.377680e-03 1.140872e-05 9.395973e+02 4.828439e+00
1.530000e+02 3.363143e-03 1.131073e-05 9.338681e+02 4.844249e+00
1.540000e+02 3.348327e-03 1.121130e-05 9.279993e+02 4.859853e+00
1.550000e+02 3.333490e-03 1.111216e-05 9.219786e+02 4.875256e+00
1.560000e+02 3.319082e-03 1.101630e-05 9.158247e+02 4.890462e+00
1.570000e+02 3.305254e-03 1.092471e-05 9.095639e+02 4.905475e+00
1.580000e+02 3.292016e-03 1.083737e-05 9.031940e+02 4.920298e+00
1.590000e+02 3.279126e-03 1.075267e-05 8.967496e+02 4.934934e+00
1.600000e+02 3.266379e-03 1.066923e-05 8.902007e+02 4.949388e+00
1.610000e+02 3.253758e-03 1.058694e-05 8.835726e+02 4.963663e+00
1.620000e+02 3.241383e-03 1.050656e-05 8.768647e+02 4.977761e+00
1.630000e+02 3.229260e-03 1.042812e-05 8.700816e+02 4.991687e+00
1.640000e+02 3.217107e-03 1.034978e-05 8.632478e+02 5.005443e+00
1.650000e+02 3.204801e-03 1.027075e-05 8.563626e+02 5.019033e+00
1.660000e+02 3.192538e-03 1.019230e-05 8.494512e+02 5.032459e+00
1.670000e+02 3.180494e-03 1.011554e-05 8.425158e+02 5.045725e+00
1.680000e+02 3.168957e-03 1.004229e-05 8.355489e+02 5.058832e+00
1.690000e+02 3.157829e-03 9.971886e-06 8.285782e+02 5.071780e+00
1.700000e+02 3.146933e-03 9.903188e-06 8.216015e+02 5.084537e+00
1.710000e+02 3.136386e-03 9.836917e-06 8.146631e+02 5.096885e+00
1.720000e+02 3.125929e-03 9.771431e-06 8.077771e+02 5.107748e+00
1.730000e+02 3.115220e-03 9.704595e-06 8.009473e+02 5.113161e+00
1.740000e+02 3.103798e-03 9.633559e-06 7.941371e+02 5.102385e+00
1.750000e+02 3.091116e-03 9.555000e-06 7.873267e+02 5.054940e+00
1.760000e+02 3.076682e-03 9.465970e-06 7.805181e+02 4.993836e+00
1.770000e+02 3.060576e-03 9.367124e-06 7.736908e+02 4.914235e+00
1.780000e+02 3.043607e-03 9.263541e-06 7.668250e+02 4.881044e+00
1.790000e+02 3.027046e-03 9.163005e-06 7.599118e+02 4.889429e+00
1.800000e+02 3.011868e-03 9.071348e-06 7.529526e+02 4.887465e+00
1.810000e+02 2.998670e-03 8.992025e-06 7.458966e+02 4.859321e+00
1.820000e+02 2.987652e-03 8.926062e-06 7.387632e+02 4.781687e+00
1.830000e+02 2.978765e-03 8.873039e-06 7.315695e+02 4.679143e+00
1.840000e+02 2.972088e-03 8.833305e-06 7.243456e+02 4.594722e+00
1.850000e+02 2.966328e-03 8.799104e-06 7.170886e+02 4.521477e+00
1.860000e+02 2.959824e-03 8.760558e-06 7.098018e+02 4.444046e+00
1.870000e+02 2.951805e-03 8.713150e-06 7.024860e+02 4.362086e+00
1.880000e+02 2.942042e-03 8.655609e-06 6.951364e+02 4.275138e+00
1.890000e+02 2.930916e-03 8.590269e-06 6.877551e+02 4.216290e+00
1.900000e+02 2.919106e-03 8.521181e-06 6.803340e+02 4.163674e+00
1.910000e+02 2.907176e-03 8.451672e-06 6.728219e+02 4.142747e+00
1.920000e+02 2.895448e-03 8.383621e-06 6.651814e+02 4.158329e+00
1.930000e+02 2.884053e-03 8.317764e-06 6.575266e+02 4.173874e+00
1.940000e+02 2.873359e-03 8.256194e-06 6.499880e+02 4.189424e+00
1.950000e+02 2.863792e-03 8.201307e-06 6.426271e+02 4.204965e+00
1.960000e+02 2.855532e-03 8.154064e-06 6.354342e+02 4.220430e+00
1.970000e+02 2.848538e-03 8.114169e-06 6.283360e+02 4.235763e+00
1.980000e+02 2.842653e-03 8.080677e-06 6.212856e+02 4.250948e+00
1.990000e+02 2.837541e-03 8.051636e-06 6.142786e+02 4.265980e+00
