**************************************************
*            H E D A C   s e a r c h             *
**************************************************
Started on: 2024-11-19 14:00:23.164912

Parameters:
         method: hedac
          x_min:      0.000
          x_max:    193.000
             dx:      1.000
          y_min:      0.000
          y_max:    226.000
             dy:      1.000

          alpha:      1.000
           beta:      0.500
          gamma:      0.100
          kappa:      0.000
             nu:      0.001
        sigma_m:      1.000
        sigma_c:      2.000
       sigma_ac:      0.100
         source:          difsource

         agents:         40
                   52.000,    221.000
                   76.000,    194.000
                  110.000,    127.000
                   44.000,    198.000
                   32.000,    186.000
                   88.000,    146.000
                  144.000,    150.000
                  161.000,    101.000
                  126.000,    131.000
                  116.000,    127.000
                  170.000,    105.000
                   29.000,    194.000
                  145.000,     57.000
                   74.000,    179.000
                   45.000,    179.000
                  158.000,     47.000
                   91.000,    147.000
                  175.000,     61.000
                   69.000,    175.000
                  163.000,    197.000
                  153.000,    191.000
                  152.000,    194.000
                  116.000,    184.000
                   51.000,    220.000
                  115.000,    177.000
                  126.000,    168.000
                   54.000,    215.000
                   93.000,    123.000
                  160.000,    116.000
                   94.000,    121.000
                   98.000,     62.000
                   55.000,    149.000
                  102.000,     65.000
                  161.000,     50.000
                   56.000,    149.000
                  155.000,    129.000
                  107.000,    124.000
                   50.000,    216.000
                  107.000,    162.000
                   60.000,    208.000
