**************************************************
*            H E D A C   s e a r c h             *
**************************************************
Started on: 2024-11-19 13:54:33.272136

Parameters:
         method: hedac
          x_min:      0.000
          x_max:    193.000
             dx:      1.000
          y_min:      0.000
          y_max:    226.000
             dy:      1.000

          alpha:      1.000
           beta:      0.500
          gamma:      0.100
          kappa:      0.000
             nu:      0.001
        sigma_m:      1.000
        sigma_c:      2.000
       sigma_ac:      0.100
         source:          difsource

         agents:         40
                   51.000,    216.000
                  111.000,    195.000
                  141.000,    196.000
                   56.000,    196.000
                  128.000,    134.000
                  156.000,     45.000
                   84.000,    140.000
                  165.000,    119.000
                  127.000,    135.000
                  123.000,      2.000
                   27.000,    198.000
                  110.000,     94.000
                   59.000,    215.000
                   34.000,    193.000
                   65.000,    173.000
                  152.000,     55.000
                   70.000,    172.000
                   33.000,    197.000
                  161.000,    127.000
                   44.000,    208.000
                   58.000,    170.000
                   55.000,    210.000
                   55.000,    157.000
                  165.000,    104.000
                  117.000,     91.000
                  132.000,    195.000
                   39.000,    196.000
                  125.000,    136.000
                  155.000,    123.000
                   86.000,    175.000
                  157.000,    125.000
                  160.000,    124.000
                  170.000,    107.000
                   49.000,    179.000
                  129.000,     13.000
                  165.000,    118.000
                  151.000,    132.000
                   94.000,     86.000
                  161.000,    106.000
                  143.000,    152.000
