           t           E1           E2           E3           E4
0.000000e+00 2.164277e-02 4.684094e-04 2.268073e+03 2.175560e+02
1.000000e+00 2.144458e-02 4.598702e-04 2.278291e+03 2.150650e+02
2.000000e+00 2.107175e-02 4.440186e-04 2.287563e+03 2.477952e+02
3.000000e+00 2.052799e-02 4.213982e-04 2.295866e+03 2.642528e+02
4.000000e+00 1.983615e-02 3.934729e-04 2.303893e+03 2.563885e+02
5.000000e+00 1.907807e-02 3.639728e-04 2.311742e+03 2.327274e+02
6.000000e+00 1.830105e-02 3.349285e-04 2.318744e+03 2.044600e+02
7.000000e+00 1.753860e-02 3.076023e-04 2.324189e+03 1.786006e+02
8.000000e+00 1.680194e-02 2.823050e-04 2.327873e+03 1.573255e+02
9.000000e+00 1.609202e-02 2.589531e-04 2.330212e+03 1.405191e+02
1.000000e+01 1.541385e-02 2.375867e-04 2.331670e+03 1.374400e+02
1.100000e+01 1.477604e-02 2.183313e-04 2.332414e+03 1.304704e+02
1.200000e+01 1.418578e-02 2.012363e-04 2.332298e+03 1.212335e+02
1.300000e+01 1.364561e-02 1.862027e-04 2.331226e+03 1.118311e+02
1.400000e+01 1.315446e-02 1.730398e-04 2.329278e+03 1.032109e+02
1.500000e+01 1.271127e-02 1.615765e-04 2.326315e+03 9.939252e+01
1.600000e+01 1.231125e-02 1.515670e-04 2.322300e+03 1.004848e+02
1.700000e+01 1.194433e-02 1.426669e-04 2.317246e+03 1.000690e+02
1.800000e+01 1.160598e-02 1.346988e-04 2.311123e+03 1.001449e+02
1.900000e+01 1.129224e-02 1.275147e-04 2.304235e+03 9.748735e+01
2.000000e+01 1.100230e-02 1.210507e-04 2.296813e+03 9.338910e+01
2.100000e+01 1.073440e-02 1.152274e-04 2.288860e+03 8.890049e+01
2.200000e+01 1.048382e-02 1.099105e-04 2.280240e+03 8.455074e+01
2.300000e+01 1.024679e-02 1.049967e-04 2.270713e+03 8.050681e+01
2.400000e+01 1.002274e-02 1.004553e-04 2.260071e+03 7.678371e+01
2.500000e+01 9.813774e-03 9.631015e-05 2.248705e+03 7.379822e+01
2.600000e+01 9.620988e-03 9.256341e-05 2.236376e+03 7.192803e+01
2.700000e+01 9.442970e-03 8.916968e-05 2.222733e+03 6.928725e+01
2.800000e+01 9.274710e-03 8.602024e-05 2.207751e+03 6.648631e+01
2.900000e+01 9.111140e-03 8.301286e-05 2.191526e+03 6.377648e+01
3.000000e+01 8.949017e-03 8.008490e-05 2.174210e+03 6.122368e+01
3.100000e+01 8.787092e-03 7.721298e-05 2.155984e+03 5.883046e+01
3.200000e+01 8.625397e-03 7.439748e-05 2.137025e+03 5.658511e+01
3.300000e+01 8.464155e-03 7.164192e-05 2.117537e+03 5.447475e+01
3.400000e+01 8.303846e-03 6.895387e-05 2.097664e+03 5.248763e+01
3.500000e+01 8.145648e-03 6.635158e-05 2.077550e+03 5.074747e+01
3.600000e+01 7.990237e-03 6.384389e-05 2.057359e+03 4.907126e+01
3.700000e+01 7.838043e-03 6.143492e-05 2.037179e+03 4.746930e+01
3.800000e+01 7.689898e-03 5.913453e-05 2.017023e+03 4.594999e+01
3.900000e+01 7.545629e-03 5.693652e-05 1.996968e+03 4.450791e+01
4.000000e+01 7.404920e-03 5.483284e-05 1.977032e+03 4.313717e+01
4.100000e+01 7.267451e-03 5.281585e-05 1.957211e+03 4.183286e+01
4.200000e+01 7.132974e-03 5.087932e-05 1.937532e+03 4.059029e+01
4.300000e+01 7.002190e-03 4.903066e-05 1.917991e+03 3.940521e+01
4.400000e+01 6.876280e-03 4.728323e-05 1.898599e+03 3.846201e+01
4.500000e+01 6.756753e-03 4.565371e-05 1.879449e+03 3.742364e+01
4.600000e+01 6.645313e-03 4.416018e-05 1.860629e+03 3.639388e+01
4.700000e+01 6.542530e-03 4.280470e-05 1.842091e+03 3.539736e+01
4.800000e+01 6.446818e-03 4.156146e-05 1.823907e+03 3.555895e+01
4.900000e+01 6.355366e-03 4.039067e-05 1.806158e+03 3.541304e+01
5.000000e+01 6.265973e-03 3.926242e-05 1.788824e+03 3.477484e+01
5.100000e+01 6.177221e-03 3.815806e-05 1.771891e+03 3.396684e+01
5.200000e+01 6.088279e-03 3.706715e-05 1.755331e+03 3.317354e+01
5.300000e+01 5.999093e-03 3.598912e-05 1.739097e+03 3.238148e+01
5.400000e+01 5.910318e-03 3.493186e-05 1.723149e+03 3.159683e+01
5.500000e+01 5.823706e-03 3.391555e-05 1.707470e+03 3.083646e+01
5.600000e+01 5.741553e-03 3.296543e-05 1.692089e+03 3.010262e+01
5.700000e+01 5.664988e-03 3.209208e-05 1.677082e+03 2.939453e+01
5.800000e+01 5.594187e-03 3.129493e-05 1.662534e+03 2.871109e+01
5.900000e+01 5.528735e-03 3.056692e-05 1.648477e+03 2.805247e+01
6.000000e+01 5.468599e-03 2.990557e-05 1.634930e+03 2.742613e+01
6.100000e+01 5.413106e-03 2.930172e-05 1.621856e+03 2.684194e+01
6.200000e+01 5.360907e-03 2.873933e-05 1.609195e+03 2.629476e+01
6.300000e+01 5.311692e-03 2.821408e-05 1.596923e+03 2.577404e+01
6.400000e+01 5.265342e-03 2.772382e-05 1.585013e+03 2.723567e+01
6.500000e+01 5.220974e-03 2.725857e-05 1.573489e+03 2.861410e+01
6.600000e+01 5.177592e-03 2.680746e-05 1.562361e+03 2.907784e+01
6.700000e+01 5.134374e-03 2.636180e-05 1.551587e+03 2.897647e+01
6.800000e+01 5.090788e-03 2.591612e-05 1.541118e+03 2.862504e+01
6.900000e+01 5.046678e-03 2.546896e-05 1.530969e+03 2.823329e+01
7.000000e+01 5.001932e-03 2.501932e-05 1.521136e+03 2.781249e+01
7.100000e+01 4.956806e-03 2.456992e-05 1.511612e+03 2.737940e+01
7.200000e+01 4.911870e-03 2.412646e-05 1.502381e+03 2.695293e+01
7.300000e+01 4.868268e-03 2.370003e-05 1.493392e+03 2.653715e+01
7.400000e+01 4.826472e-03 2.329483e-05 1.484621e+03 2.613242e+01
7.500000e+01 4.786241e-03 2.290810e-05 1.476067e+03 2.634635e+01
7.600000e+01 4.748089e-03 2.254434e-05 1.467745e+03 2.830370e+01
7.700000e+01 4.712419e-03 2.220689e-05 1.459657e+03 2.943930e+01
7.800000e+01 4.679390e-03 2.189669e-05 1.451821e+03 2.979838e+01
7.900000e+01 4.648833e-03 2.161165e-05 1.444253e+03 2.966071e+01
8.000000e+01 4.620158e-03 2.134586e-05 1.436938e+03 2.930554e+01
8.100000e+01 4.592441e-03 2.109052e-05 1.429860e+03 2.887232e+01
8.200000e+01 4.564482e-03 2.083450e-05 1.422994e+03 2.841560e+01
8.300000e+01 4.535372e-03 2.056960e-05 1.416295e+03 2.795679e+01
8.400000e+01 4.504940e-03 2.029448e-05 1.409748e+03 2.750389e+01
8.500000e+01 4.473936e-03 2.001610e-05 1.403324e+03 2.727867e+01
8.600000e+01 4.443660e-03 1.974611e-05 1.396982e+03 2.735428e+01
8.700000e+01 4.414903e-03 1.949137e-05 1.390705e+03 2.716309e+01
8.800000e+01 4.387406e-03 1.924933e-05 1.384514e+03 2.682041e+01
8.900000e+01 4.360536e-03 1.901427e-05 1.378450e+03 2.643075e+01
9.000000e+01 4.333653e-03 1.878055e-05 1.372549e+03 2.603171e+01
9.100000e+01 4.306741e-03 1.854802e-05 1.366884e+03 2.563617e+01
9.200000e+01 4.280317e-03 1.832112e-05 1.361474e+03 2.524801e+01
9.300000e+01 4.254149e-03 1.809778e-05 1.356244e+03 2.486797e+01
9.400000e+01 4.228067e-03 1.787655e-05 1.351117e+03 2.449597e+01
9.500000e+01 4.202518e-03 1.766116e-05 1.346063e+03 2.413177e+01
9.600000e+01 4.177944e-03 1.745521e-05 1.341108e+03 2.377514e+01
9.700000e+01 4.154350e-03 1.725863e-05 1.336248e+03 2.342584e+01
9.800000e+01 4.132440e-03 1.707706e-05 1.331513e+03 2.308366e+01
9.900000e+01 4.112293e-03 1.691096e-05 1.326932e+03 2.274837e+01
1.000000e+02 4.093507e-03 1.675680e-05 1.322491e+03 2.241977e+01
1.010000e+02 4.075668e-03 1.661107e-05 1.318146e+03 2.268723e+01
1.020000e+02 4.058198e-03 1.646897e-05 1.313867e+03 2.315412e+01
1.030000e+02 4.040182e-03 1.632307e-05 1.309654e+03 2.343792e+01
1.040000e+02 4.021682e-03 1.617393e-05 1.305511e+03 2.342177e+01
1.050000e+02 4.002818e-03 1.602256e-05 1.301432e+03 2.327445e+01
1.060000e+02 3.983876e-03 1.587127e-05 1.297416e+03 2.307520e+01
1.070000e+02 3.965121e-03 1.572218e-05 1.293447e+03 2.286321e+01
1.080000e+02 3.946450e-03 1.557447e-05 1.289528e+03 2.265168e+01
1.090000e+02 3.927138e-03 1.542241e-05 1.285664e+03 2.244345e+01
1.100000e+02 3.906641e-03 1.526184e-05 1.281853e+03 2.223893e+01
1.110000e+02 3.885011e-03 1.509331e-05 1.278077e+03 2.203808e+01
1.120000e+02 3.863077e-03 1.492337e-05 1.274342e+03 2.184081e+01
1.130000e+02 3.841545e-03 1.475747e-05 1.270659e+03 2.164703e+01
1.140000e+02 3.820464e-03 1.459594e-05 1.267052e+03 2.145664e+01
1.150000e+02 3.799553e-03 1.443661e-05 1.263560e+03 2.126956e+01
1.160000e+02 3.778725e-03 1.427876e-05 1.260178e+03 2.108571e+01
1.170000e+02 3.758498e-03 1.412631e-05 1.256896e+03 2.100891e+01
1.180000e+02 3.738385e-03 1.397552e-05 1.253756e+03 2.163179e+01
1.190000e+02 3.717768e-03 1.382180e-05 1.250799e+03 2.182931e+01
1.200000e+02 3.696636e-03 1.366512e-05 1.248023e+03 2.220906e+01
1.210000e+02 3.674518e-03 1.350208e-05 1.245449e+03 2.250623e+01
1.220000e+02 3.651345e-03 1.333232e-05 1.243095e+03 2.249568e+01
1.230000e+02 3.627691e-03 1.316014e-05 1.240951e+03 2.237352e+01
1.240000e+02 3.604320e-03 1.299112e-05 1.238985e+03 2.221886e+01
1.250000e+02 3.582190e-03 1.283209e-05 1.237212e+03 2.203686e+01
1.260000e+02 3.561286e-03 1.268276e-05 1.235632e+03 2.184414e+01
1.270000e+02 3.541161e-03 1.253982e-05 1.234227e+03 2.164928e+01
1.280000e+02 3.521415e-03 1.240036e-05 1.232999e+03 2.144980e+01
1.290000e+02 3.501840e-03 1.226288e-05 1.231965e+03 2.125688e+01
1.300000e+02 3.482123e-03 1.212518e-05 1.231119e+03 2.107273e+01
1.310000e+02 3.462715e-03 1.199040e-05 1.230480e+03 2.089100e+01
1.320000e+02 3.444388e-03 1.186381e-05 1.230035e+03 2.071217e+01
1.330000e+02 3.427457e-03 1.174746e-05 1.229759e+03 2.053746e+01
1.340000e+02 3.411378e-03 1.163750e-05 1.229626e+03 2.036569e+01
1.350000e+02 3.395543e-03 1.152971e-05 1.229635e+03 2.019519e+01
1.360000e+02 3.379502e-03 1.142103e-05 1.229811e+03 2.002652e+01
1.370000e+02 3.362808e-03 1.130848e-05 1.230174e+03 1.986015e+01
1.380000e+02 3.345786e-03 1.119429e-05 1.230757e+03 1.969615e+01
1.390000e+02 3.328524e-03 1.107907e-05 1.231545e+03 1.953451e+01
1.400000e+02 3.311314e-03 1.096480e-05 1.232546e+03 1.937517e+01
1.410000e+02 3.294323e-03 1.085256e-05 1.233761e+03 1.921808e+01
1.420000e+02 3.277124e-03 1.073954e-05 1.235153e+03 1.906321e+01
1.430000e+02 3.260372e-03 1.063003e-05 1.236693e+03 1.944559e+01
1.440000e+02 3.244292e-03 1.052543e-05 1.238361e+03 2.042287e+01
1.450000e+02 3.228865e-03 1.042557e-05 1.240109e+03 2.128791e+01
1.460000e+02 3.213937e-03 1.032939e-05 1.241941e+03 2.216894e+01
1.470000e+02 3.199117e-03 1.023435e-05 1.243882e+03 2.288603e+01
1.480000e+02 3.184163e-03 1.013889e-05 1.245937e+03 2.324848e+01
1.490000e+02 3.169132e-03 1.004340e-05 1.248095e+03 2.332572e+01
1.500000e+02 3.154311e-03 9.949678e-06 1.250347e+03 2.325970e+01
1.510000e+02 3.140339e-03 9.861729e-06 1.252720e+03 2.317500e+01
1.520000e+02 3.127819e-03 9.783251e-06 1.255219e+03 2.314372e+01
1.530000e+02 3.116841e-03 9.714697e-06 1.257850e+03 2.309632e+01
1.540000e+02 3.107841e-03 9.658679e-06 1.260602e+03 2.308867e+01
1.550000e+02 3.100523e-03 9.613245e-06 1.263471e+03 2.313391e+01
1.560000e+02 3.094152e-03 9.573776e-06 1.266456e+03 2.316963e+01
1.570000e+02 3.088260e-03 9.537350e-06 1.269553e+03 2.318145e+01
1.580000e+02 3.082805e-03 9.503686e-06 1.272761e+03 2.316972e+01
1.590000e+02 3.078257e-03 9.475666e-06 1.276055e+03 2.319336e+01
1.600000e+02 3.074963e-03 9.455398e-06 1.279442e+03 2.327727e+01
1.610000e+02 3.072462e-03 9.440024e-06 1.282946e+03 2.327443e+01
1.620000e+02 3.070292e-03 9.426694e-06 1.286575e+03 2.317849e+01
1.630000e+02 3.067739e-03 9.411022e-06 1.290341e+03 2.304775e+01
1.640000e+02 3.064433e-03 9.390748e-06 1.294219e+03 2.290875e+01
1.650000e+02 3.060452e-03 9.366368e-06 1.298217e+03 2.276918e+01
1.660000e+02 3.056151e-03 9.340061e-06 1.302373e+03 2.263089e+01
1.670000e+02 3.051868e-03 9.313899e-06 1.306711e+03 2.249417e+01
1.680000e+02 3.048005e-03 9.290334e-06 1.311226e+03 2.235906e+01
1.690000e+02 3.044539e-03 9.269219e-06 1.315859e+03 2.222554e+01
1.700000e+02 3.041803e-03 9.252566e-06 1.320571e+03 2.209359e+01
1.710000e+02 3.040144e-03 9.242477e-06 1.325373e+03 2.196318e+01
1.720000e+02 3.039041e-03 9.235772e-06 1.330247e+03 2.183429e+01
1.730000e+02 3.038066e-03 9.229845e-06 1.335155e+03 2.170688e+01
1.740000e+02 3.036965e-03 9.223158e-06 1.340061e+03 2.158093e+01
1.750000e+02 3.035480e-03 9.214141e-06 1.344950e+03 2.145643e+01
1.760000e+02 3.033583e-03 9.202624e-06 1.349806e+03 2.133333e+01
1.770000e+02 3.031818e-03 9.191920e-06 1.354648e+03 2.121163e+01
1.780000e+02 3.030070e-03 9.181322e-06 1.359501e+03 2.109129e+01
1.790000e+02 3.027579e-03 9.166235e-06 1.364327e+03 2.097229e+01
1.800000e+02 3.024259e-03 9.146142e-06 1.369104e+03 2.085461e+01
1.810000e+02 3.020274e-03 9.122057e-06 1.373820e+03 2.073824e+01
1.820000e+02 3.015732e-03 9.094638e-06 1.378473e+03 2.062314e+01
1.830000e+02 3.010590e-03 9.063652e-06 1.383038e+03 2.050929e+01
1.840000e+02 3.004800e-03 9.028821e-06 1.387503e+03 2.039668e+01
1.850000e+02 2.998443e-03 8.990660e-06 1.391875e+03 2.028529e+01
1.860000e+02 2.991748e-03 8.950554e-06 1.396182e+03 2.017509e+01
1.870000e+02 2.985383e-03 8.912509e-06 1.400465e+03 2.006607e+01
1.880000e+02 2.979615e-03 8.878104e-06 1.404721e+03 1.995821e+01
1.890000e+02 2.974438e-03 8.847283e-06 1.408927e+03 1.985149e+01
1.900000e+02 2.969177e-03 8.816012e-06 1.413085e+03 1.974589e+01
1.910000e+02 2.963740e-03 8.783757e-06 1.417215e+03 1.964140e+01
1.920000e+02 2.957666e-03 8.747788e-06 1.421302e+03 1.953799e+01
1.930000e+02 2.951008e-03 8.708448e-06 1.425376e+03 1.943566e+01
1.940000e+02 2.944447e-03 8.669771e-06 1.429438e+03 1.933437e+01
1.950000e+02 2.937690e-03 8.630020e-06 1.433472e+03 1.923413e+01
1.960000e+02 2.930302e-03 8.586667e-06 1.437497e+03 1.913490e+01
1.970000e+02 2.922124e-03 8.538807e-06 1.441536e+03 1.903668e+01
1.980000e+02 2.913186e-03 8.486654e-06 1.445593e+03 1.893946e+01
1.990000e+02 2.903560e-03 8.430658e-06 1.449666e+03 1.884321e+01
