**************************************************
*            H E D A C   s e a r c h             *
**************************************************
Started on: 2024-11-19 16:44:08.342024

Parameters:
         method: hedac
          x_min:      0.000
          x_max:    456.000
             dx:      1.000
          y_min:      0.000
          y_max:    478.000
             dy:      1.000

          alpha:      1.000
           beta:      0.500
          gamma:      0.100
          kappa:      0.000
             nu:      0.001
        sigma_m:      1.000
        sigma_c:      2.000
       sigma_ac:      0.100
         source:          difsource

         agents:         40
                  339.000,     87.000
                  380.000,    134.000
                  182.000,    281.000
                   99.000,    254.000
                  249.000,    168.000
                  168.000,    294.000
                  142.000,     99.000
                  203.000,    439.000
                   61.000,    104.000
                   40.000,     34.000
                   65.000,     78.000
                  399.000,    143.000
                   69.000,    209.000
                  120.000,     59.000
                   76.000,     59.000
                  169.000,    305.000
                  206.000,    123.000
                  172.000,    318.000
                  226.000,    185.000
                  219.000,    112.000
                  103.000,    233.000
                  107.000,     48.000
                  260.000,    463.000
                  188.000,    289.000
                  208.000,    436.000
                  254.000,     40.000
                  248.000,    303.000
                   41.000,     61.000
                  198.000,    292.000
                  139.000,    283.000
                  212.000,    308.000
                  260.000,    228.000
                  256.000,    113.000
                  184.000,    205.000
                  143.000,     43.000
                   82.000,    191.000
                  190.000,    220.000
                  257.000,    204.000
                  129.000,    109.000
                   79.000,    184.000
