**************************************************
*            H E D A C   s e a r c h             *
**************************************************
Started on: 2024-11-19 14:54:35.178001

Parameters:
         method: hedac
          x_min:      0.000
          x_max:    149.000
             dx:      1.000
          y_min:      0.000
          y_max:    307.000
             dy:      1.000

          alpha:      1.000
           beta:      0.500
          gamma:      0.100
          kappa:      0.000
             nu:      0.001
        sigma_m:      1.000
        sigma_c:      2.000
       sigma_ac:      0.100
         source:          difsource

         agents:         40
                   52.000,    194.000
                   84.000,    295.000
                  110.000,     87.000
                   92.000,     64.000
                   60.000,     42.000
                  102.000,     62.000
                   60.000,    150.000
                   92.000,     54.000
                   59.000,    112.000
                  100.000,    278.000
                   96.000,     88.000
                  118.000,     82.000
                   76.000,     39.000
                   54.000,     58.000
                   83.000,     20.000
                   71.000,    246.000
                   80.000,    247.000
                   66.000,    194.000
                   78.000,    299.000
                   96.000,     62.000
                   72.000,    151.000
                   84.000,    183.000
                  111.000,    266.000
                   58.000,     38.000
                   67.000,     37.000
                   64.000,    171.000
                   87.000,    102.000
                   87.000,    264.000
                   89.000,     18.000
                   84.000,    261.000
                   53.000,    162.000
                   84.000,    164.000
                   85.000,     97.000
                   61.000,     98.000
                   77.000,    159.000
                   97.000,     38.000
                   92.000,    117.000
                   83.000,    146.000
                   57.000,     85.000
                   73.000,    299.000
