**************************************************
*            H E D A C   s e a r c h             *
**************************************************
Started on: 2024-11-19 14:44:42.049258

Parameters:
         method: hedac
          x_min:      0.000
          x_max:    149.000
             dx:      1.000
          y_min:      0.000
          y_max:    307.000
             dy:      1.000

          alpha:      1.000
           beta:      0.500
          gamma:      0.100
          kappa:      0.000
             nu:      0.001
        sigma_m:      1.000
        sigma_c:      2.000
       sigma_ac:      0.100
         source:          difsource

         agents:         40
                   81.000,    155.000
                  113.000,     78.000
                   88.000,    176.000
                  125.000,     81.000
                   39.000,    209.000
                   61.000,    238.000
                   47.000,    219.000
                   61.000,     95.000
                   96.000,     88.000
                   42.000,    178.000
                  110.000,    268.000
                   66.000,    148.000
                   77.000,    296.000
                  106.000,     66.000
                  113.000,    276.000
                   86.000,     48.000
                   94.000,     65.000
                   38.000,    147.000
                   88.000,    162.000
                   53.000,    209.000
                   34.000,    187.000
                   53.000,    104.000
                  117.000,     87.000
                   99.000,    274.000
                   77.000,    154.000
                   70.000,    191.000
                   81.000,     30.000
                  114.000,    249.000
                   99.000,     95.000
                   96.000,     47.000
                   86.000,     98.000
                   38.000,    167.000
                   54.000,     39.000
                   73.000,    241.000
                   92.000,     37.000
                   70.000,    169.000
                   41.000,    183.000
                   88.000,    278.000
                   82.000,    255.000
                  118.000,     80.000
