           t           E1           E2           E3           E4
0.000000e+00 2.635359e-02 6.945117e-04 3.550988e+03 1.748606e+02
1.000000e+00 2.585048e-02 6.682475e-04 3.534367e+03 1.718258e+02
2.000000e+00 2.515308e-02 6.326776e-04 3.514725e+03 1.594895e+02
3.000000e+00 2.429145e-02 5.900748e-04 3.492048e+03 1.547579e+02
4.000000e+00 2.331787e-02 5.437230e-04 3.467356e+03 1.452072e+02
5.000000e+00 2.229957e-02 4.972708e-04 3.441558e+03 1.297197e+02
6.000000e+00 2.128860e-02 4.532047e-04 3.414999e+03 1.192487e+02
7.000000e+00 2.035073e-02 4.141522e-04 3.387981e+03 1.085107e+02
8.000000e+00 1.948438e-02 3.796410e-04 3.360823e+03 9.730124e+01
9.000000e+00 1.867930e-02 3.489161e-04 3.333777e+03 8.722297e+01
1.000000e+01 1.794064e-02 3.218666e-04 3.307854e+03 7.907982e+01
1.100000e+01 1.726558e-02 2.981002e-04 3.283631e+03 7.165355e+01
1.200000e+01 1.664051e-02 2.769064e-04 3.260919e+03 6.512608e+01
1.300000e+01 1.605696e-02 2.578260e-04 3.239650e+03 5.949369e+01
1.400000e+01 1.551854e-02 2.408252e-04 3.220043e+03 5.463356e+01
1.500000e+01 1.502153e-02 2.256464e-04 3.202421e+03 5.040798e+01
1.600000e+01 1.456108e-02 2.120252e-04 3.187050e+03 4.733076e+01
1.700000e+01 1.413761e-02 1.998720e-04 3.173980e+03 4.581630e+01
1.800000e+01 1.375045e-02 1.890748e-04 3.163292e+03 4.789549e+01
1.900000e+01 1.339766e-02 1.794974e-04 3.154986e+03 4.952422e+01
2.000000e+01 1.307092e-02 1.708491e-04 3.148653e+03 5.044139e+01
2.100000e+01 1.275842e-02 1.627773e-04 3.144161e+03 5.075409e+01
2.200000e+01 1.245781e-02 1.551970e-04 3.141035e+03 5.086004e+01
2.300000e+01 1.216766e-02 1.480519e-04 3.138822e+03 5.129844e+01
2.400000e+01 1.188219e-02 1.411865e-04 3.137362e+03 5.119567e+01
2.500000e+01 1.160422e-02 1.346580e-04 3.136533e+03 5.029265e+01
2.600000e+01 1.134516e-02 1.287127e-04 3.136452e+03 4.941626e+01
2.700000e+01 1.110471e-02 1.233145e-04 3.137119e+03 4.886378e+01
2.800000e+01 1.087793e-02 1.183294e-04 3.138502e+03 4.866108e+01
2.900000e+01 1.066032e-02 1.136423e-04 3.140593e+03 4.778502e+01
3.000000e+01 1.045004e-02 1.092033e-04 3.142994e+03 4.649588e+01
3.100000e+01 1.024453e-02 1.049504e-04 3.145581e+03 4.501692e+01
3.200000e+01 1.004689e-02 1.009400e-04 3.148350e+03 4.356495e+01
3.300000e+01 9.860931e-03 9.723796e-05 3.151209e+03 4.217907e+01
3.400000e+01 9.689583e-03 9.388803e-05 3.153654e+03 4.083083e+01
3.500000e+01 9.531830e-03 9.085579e-05 3.155887e+03 3.952451e+01
3.600000e+01 9.384524e-03 8.806929e-05 3.158115e+03 3.827902e+01
3.700000e+01 9.244963e-03 8.546933e-05 3.160113e+03 3.709885e+01
3.800000e+01 9.111851e-03 8.302582e-05 3.161914e+03 3.598017e+01
3.900000e+01 8.986527e-03 8.075766e-05 3.163862e+03 3.491803e+01
4.000000e+01 8.868705e-03 7.865393e-05 3.165701e+03 3.390863e+01
4.100000e+01 8.761176e-03 7.675821e-05 3.167839e+03 3.294820e+01
4.200000e+01 8.661602e-03 7.502335e-05 3.170350e+03 3.203324e+01
4.300000e+01 8.564996e-03 7.335916e-05 3.172958e+03 3.116212e+01
4.400000e+01 8.467486e-03 7.169833e-05 3.175484e+03 3.033128e+01
4.500000e+01 8.367925e-03 7.002217e-05 3.177789e+03 2.953506e+01
4.600000e+01 8.266634e-03 6.833724e-05 3.179807e+03 2.877238e+01
4.700000e+01 8.164456e-03 6.665835e-05 3.181465e+03 2.804176e+01
4.800000e+01 8.062729e-03 6.500760e-05 3.182678e+03 2.734138e+01
4.900000e+01 7.963490e-03 6.341718e-05 3.183390e+03 2.666943e+01
5.000000e+01 7.868381e-03 6.191142e-05 3.183555e+03 2.602421e+01
5.100000e+01 7.777066e-03 6.048276e-05 3.183405e+03 2.540418e+01
5.200000e+01 7.688707e-03 5.911622e-05 3.183065e+03 2.480787e+01
5.300000e+01 7.603958e-03 5.782017e-05 3.182793e+03 2.423397e+01
5.400000e+01 7.521800e-03 5.657748e-05 3.182578e+03 2.368123e+01
5.500000e+01 7.440865e-03 5.536648e-05 3.182286e+03 2.314849e+01
5.600000e+01 7.360567e-03 5.417795e-05 3.181891e+03 2.263470e+01
5.700000e+01 7.280334e-03 5.300326e-05 3.181418e+03 2.213887e+01
5.800000e+01 7.199946e-03 5.183922e-05 3.180835e+03 2.166005e+01
5.900000e+01 7.119700e-03 5.069013e-05 3.180075e+03 2.119741e+01
6.000000e+01 7.039659e-03 4.955680e-05 3.179185e+03 2.075012e+01
6.100000e+01 6.960111e-03 4.844315e-05 3.178222e+03 2.031744e+01
6.200000e+01 6.881460e-03 4.735449e-05 3.177219e+03 1.989866e+01
6.300000e+01 6.804005e-03 4.629449e-05 3.176099e+03 1.949312e+01
6.400000e+01 6.727626e-03 4.526095e-05 3.174760e+03 1.910021e+01
6.500000e+01 6.651979e-03 4.424882e-05 3.173244e+03 1.871934e+01
6.600000e+01 6.577481e-03 4.326326e-05 3.171524e+03 1.834997e+01
6.700000e+01 6.505267e-03 4.231849e-05 3.169767e+03 1.799159e+01
6.800000e+01 6.436655e-03 4.143053e-05 3.167985e+03 1.764371e+01
6.900000e+01 6.372140e-03 4.060417e-05 3.166182e+03 1.730588e+01
7.000000e+01 6.312010e-03 3.984146e-05 3.164572e+03 1.697769e+01
7.100000e+01 6.254888e-03 3.912362e-05 3.163302e+03 1.665875e+01
7.200000e+01 6.199777e-03 3.843724e-05 3.162408e+03 1.634876e+01
7.300000e+01 6.146656e-03 3.778138e-05 3.162137e+03 1.604756e+01
7.400000e+01 6.095705e-03 3.715762e-05 3.162830e+03 1.575516e+01
7.500000e+01 6.047072e-03 3.656708e-05 3.164903e+03 1.547169e+01
7.600000e+01 6.000444e-03 3.600533e-05 3.168412e+03 1.519693e+01
7.700000e+01 5.956174e-03 3.547601e-05 3.172160e+03 1.492948e+01
7.800000e+01 5.914651e-03 3.498310e-05 3.175177e+03 1.466819e+01
7.900000e+01 5.875991e-03 3.452727e-05 3.178127e+03 1.441334e+01
8.000000e+01 5.839954e-03 3.410506e-05 3.181028e+03 1.416464e+01
8.100000e+01 5.806366e-03 3.371388e-05 3.183737e+03 1.392177e+01
8.200000e+01 5.774035e-03 3.333948e-05 3.186399e+03 1.368465e+01
8.300000e+01 5.741650e-03 3.296654e-05 3.188815e+03 1.345299e+01
8.400000e+01 5.708179e-03 3.258331e-05 3.190894e+03 1.322647e+01
8.500000e+01 5.673404e-03 3.218752e-05 3.192538e+03 1.300473e+01
8.600000e+01 5.637624e-03 3.178281e-05 3.193737e+03 1.278762e+01
8.700000e+01 5.602778e-03 3.139112e-05 3.194877e+03 1.257523e+01
8.800000e+01 5.569572e-03 3.102013e-05 3.196150e+03 1.236780e+01
8.900000e+01 5.537637e-03 3.066543e-05 3.197582e+03 1.216552e+01
9.000000e+01 5.506358e-03 3.031997e-05 3.199339e+03 1.196809e+01
9.100000e+01 5.475058e-03 2.997626e-05 3.201823e+03 1.177480e+01
9.200000e+01 5.443303e-03 2.962954e-05 3.205188e+03 1.158535e+01
9.300000e+01 5.410580e-03 2.927438e-05 3.209410e+03 1.161122e+01
9.400000e+01 5.377244e-03 2.891476e-05 3.214322e+03 1.173206e+01
9.500000e+01 5.344043e-03 2.855880e-05 3.219745e+03 1.168612e+01
9.600000e+01 5.312239e-03 2.821989e-05 3.225429e+03 1.156754e+01
9.700000e+01 5.283638e-03 2.791683e-05 3.231267e+03 1.142568e+01
9.800000e+01 5.259758e-03 2.766505e-05 3.237169e+03 1.140848e+01
9.900000e+01 5.240431e-03 2.746212e-05 3.243081e+03 1.140848e+01
1.000000e+02 5.224284e-03 2.729315e-05 3.248995e+03 1.140848e+01
1.010000e+02 5.209502e-03 2.713891e-05 3.254893e+03 1.140848e+01
1.020000e+02 5.194600e-03 2.698387e-05 3.260746e+03 1.140848e+01
1.030000e+02 5.178930e-03 2.682132e-05 3.266554e+03 1.140848e+01
1.040000e+02 5.162586e-03 2.665229e-05 3.272353e+03 1.140848e+01
1.050000e+02 5.146575e-03 2.648723e-05 3.278206e+03 1.140848e+01
1.060000e+02 5.130447e-03 2.632149e-05 3.284170e+03 1.140848e+01
1.070000e+02 5.113216e-03 2.614498e-05 3.290322e+03 1.140848e+01
1.080000e+02 5.094727e-03 2.595624e-05 3.296728e+03 1.140848e+01
1.090000e+02 5.074893e-03 2.575454e-05 3.303395e+03 1.140848e+01
1.100000e+02 5.053887e-03 2.554177e-05 3.310265e+03 1.140848e+01
1.110000e+02 5.031659e-03 2.531759e-05 3.317295e+03 1.140848e+01
1.120000e+02 5.007967e-03 2.507974e-05 3.324432e+03 1.140848e+01
1.130000e+02 4.982637e-03 2.482667e-05 3.331610e+03 1.140848e+01
1.140000e+02 4.956260e-03 2.456451e-05 3.338774e+03 1.140848e+01
1.150000e+02 4.930069e-03 2.430558e-05 3.345789e+03 1.140848e+01
1.160000e+02 4.904846e-03 2.405751e-05 3.352456e+03 1.140848e+01
1.170000e+02 4.880679e-03 2.382103e-05 3.358611e+03 1.140848e+01
1.180000e+02 4.857187e-03 2.359226e-05 3.364354e+03 1.140848e+01
1.190000e+02 4.834048e-03 2.336802e-05 3.370470e+03 1.140848e+01
1.200000e+02 4.811254e-03 2.314816e-05 3.376787e+03 1.140848e+01
1.210000e+02 4.788497e-03 2.292970e-05 3.383002e+03 1.140848e+01
1.220000e+02 4.765557e-03 2.271054e-05 3.389095e+03 1.140848e+01
1.230000e+02 4.742458e-03 2.249091e-05 3.395063e+03 1.140848e+01
1.240000e+02 4.719531e-03 2.227398e-05 3.400916e+03 1.140846e+01
1.250000e+02 4.697431e-03 2.206586e-05 3.406677e+03 1.140834e+01
1.260000e+02 4.676930e-03 2.187367e-05 3.412383e+03 1.140748e+01
1.270000e+02 4.658704e-03 2.170353e-05 3.418015e+03 1.140283e+01
1.280000e+02 4.643009e-03 2.155753e-05 3.423415e+03 1.138331e+01
1.290000e+02 4.629392e-03 2.143127e-05 3.428512e+03 1.131850e+01
1.300000e+02 4.617042e-03 2.131708e-05 3.433371e+03 1.115016e+01
1.310000e+02 4.605518e-03 2.121080e-05 3.438336e+03 1.092815e+01
1.320000e+02 4.594467e-03 2.110912e-05 3.443388e+03 1.055925e+01
1.330000e+02 4.583536e-03 2.100880e-05 3.448432e+03 1.019703e+01
1.340000e+02 4.572485e-03 2.090762e-05 3.453481e+03 1.004367e+01
1.350000e+02 4.560934e-03 2.080212e-05 3.458572e+03 9.953782e+00
1.360000e+02 4.548808e-03 2.069166e-05 3.463757e+03 9.954968e+00
1.370000e+02 4.536274e-03 2.057778e-05 3.469057e+03 9.956136e+00
1.380000e+02 4.523543e-03 2.046244e-05 3.474509e+03 9.957288e+00
1.390000e+02 4.511028e-03 2.034938e-05 3.480166e+03 9.958424e+00
1.400000e+02 4.499168e-03 2.024251e-05 3.485875e+03 9.959544e+00
1.410000e+02 4.487942e-03 2.014162e-05 3.491510e+03 9.960648e+00
1.420000e+02 4.477036e-03 2.004385e-05 3.497093e+03 9.961734e+00
1.430000e+02 4.466178e-03 1.994675e-05 3.502618e+03 9.962784e+00
1.440000e+02 4.455012e-03 1.984714e-05 3.508006e+03 9.963653e+00
1.450000e+02 4.443577e-03 1.974538e-05 3.513204e+03 9.963485e+00
1.460000e+02 4.432235e-03 1.964471e-05 3.518156e+03 9.958466e+00
1.470000e+02 4.421098e-03 1.954611e-05 3.522885e+03 9.935765e+00
1.480000e+02 4.409953e-03 1.944769e-05 3.527391e+03 9.889115e+00
1.490000e+02 4.398499e-03 1.934679e-05 3.531706e+03 9.816276e+00
1.500000e+02 4.386631e-03 1.924253e-05 3.535822e+03 9.686329e+00
1.510000e+02 4.374576e-03 1.913692e-05 3.539675e+03 9.568507e+00
1.520000e+02 4.362437e-03 1.903086e-05 3.543313e+03 9.569521e+00
1.530000e+02 4.350568e-03 1.892744e-05 3.546843e+03 9.570523e+00
1.540000e+02 4.339475e-03 1.883104e-05 3.550242e+03 9.571511e+00
1.550000e+02 4.329181e-03 1.874180e-05 3.553542e+03 9.572487e+00
1.560000e+02 4.319575e-03 1.865873e-05 3.556939e+03 9.573450e+00
1.570000e+02 4.310601e-03 1.858128e-05 3.560382e+03 9.574401e+00
1.580000e+02 4.302496e-03 1.851147e-05 3.563846e+03 9.575340e+00
1.590000e+02 4.295361e-03 1.845013e-05 3.567278e+03 9.576267e+00
1.600000e+02 4.289033e-03 1.839581e-05 3.570621e+03 9.577183e+00
1.610000e+02 4.283524e-03 1.834858e-05 3.573949e+03 9.578087e+00
1.620000e+02 4.278569e-03 1.830616e-05 3.577338e+03 9.578980e+00
1.630000e+02 4.273670e-03 1.826426e-05 3.580784e+03 9.579862e+00
1.640000e+02 4.268465e-03 1.821979e-05 3.584310e+03 9.580734e+00
1.650000e+02 4.262866e-03 1.817202e-05 3.587949e+03 9.581595e+00
1.660000e+02 4.256816e-03 1.812048e-05 3.591633e+03 9.582445e+00
1.670000e+02 4.250208e-03 1.806427e-05 3.595370e+03 9.583285e+00
1.680000e+02 4.243354e-03 1.800605e-05 3.599205e+03 9.584116e+00
1.690000e+02 4.236862e-03 1.795100e-05 3.603148e+03 9.584936e+00
1.700000e+02 4.231511e-03 1.790569e-05 3.607275e+03 9.585747e+00
1.710000e+02 4.227501e-03 1.787177e-05 3.611671e+03 9.586548e+00
1.720000e+02 4.224777e-03 1.784874e-05 3.616412e+03 9.587339e+00
1.730000e+02 4.222481e-03 1.782935e-05 3.621463e+03 9.588122e+00
1.740000e+02 4.219722e-03 1.780605e-05 3.626701e+03 9.588895e+00
1.750000e+02 4.216516e-03 1.777901e-05 3.632037e+03 9.589659e+00
1.760000e+02 4.213075e-03 1.775001e-05 3.637276e+03 9.590412e+00
1.770000e+02 4.209571e-03 1.772049e-05 3.642049e+03 9.591154e+00
1.780000e+02 4.206163e-03 1.769180e-05 3.646633e+03 9.591886e+00
1.790000e+02 4.202429e-03 1.766041e-05 3.651262e+03 9.592609e+00
1.800000e+02 4.198943e-03 1.763112e-05 3.656458e+03 9.593326e+00
1.810000e+02 4.196678e-03 1.761211e-05 3.662403e+03 9.594038e+00
1.820000e+02 4.195538e-03 1.760254e-05 3.668828e+03 9.594744e+00
1.830000e+02 4.194623e-03 1.759486e-05 3.675338e+03 9.595442e+00
1.840000e+02 4.192796e-03 1.757954e-05 3.681930e+03 9.596132e+00
1.850000e+02 4.189442e-03 1.755143e-05 3.688779e+03 9.596814e+00
1.860000e+02 4.184354e-03 1.750882e-05 3.696002e+03 9.597491e+00
1.870000e+02 4.177612e-03 1.745244e-05 3.703452e+03 9.598160e+00
1.880000e+02 4.169839e-03 1.738756e-05 3.711064e+03 9.598823e+00
1.890000e+02 4.161329e-03 1.731666e-05 3.718790e+03 9.599479e+00
1.900000e+02 4.152650e-03 1.724450e-05 3.726547e+03 9.600128e+00
1.910000e+02 4.144126e-03 1.717378e-05 3.734227e+03 9.600770e+00
1.920000e+02 4.135924e-03 1.710586e-05 3.741870e+03 9.601406e+00
1.930000e+02 4.128315e-03 1.704299e-05 3.749458e+03 9.602035e+00
1.940000e+02 4.121439e-03 1.698626e-05 3.757047e+03 9.602657e+00
1.950000e+02 4.115287e-03 1.693558e-05 3.764673e+03 9.603274e+00
1.960000e+02 4.109768e-03 1.689019e-05 3.772222e+03 9.603884e+00
1.970000e+02 4.104164e-03 1.684416e-05 3.779679e+03 9.604487e+00
1.980000e+02 4.097880e-03 1.679262e-05 3.787021e+03 9.605085e+00
1.990000e+02 4.090572e-03 1.673278e-05 3.794168e+03 9.605676e+00
