**************************************************
*            H E D A C   s e a r c h             *
**************************************************
Started on: 2024-11-19 13:51:47.747694

Parameters:
         method: hedac
          x_min:      0.000
          x_max:    193.000
             dx:      1.000
          y_min:      0.000
          y_max:    226.000
             dy:      1.000

          alpha:      1.000
           beta:      0.500
          gamma:      0.100
          kappa:      0.000
             nu:      0.001
        sigma_m:      1.000
        sigma_c:      2.000
       sigma_ac:      0.100
         source:          difsource

         agents:         40
                   20.000,    205.000
                  122.000,    193.000
                   63.000,    142.000
                   51.000,    161.000
                  121.000,    173.000
                   53.000,    171.000
                  142.000,    142.000
                   56.000,    168.000
                   91.000,     58.000
                  143.000,    129.000
                  139.000,     72.000
                  181.000,     66.000
                  110.000,     66.000
                   97.000,    135.000
                  106.000,    125.000
                   80.000,    140.000
                  158.000,    119.000
                   39.000,    187.000
                  159.000,     46.000
                   62.000,    177.000
                   92.000,    132.000
                   29.000,    190.000
                   73.000,    171.000
                   55.000,    172.000
                  105.000,    129.000
                  107.000,    162.000
                   41.000,    211.000
                  100.000,    148.000
                   75.000,     83.000
                   71.000,    147.000
                   23.000,    206.000
                   62.000,    213.000
                   23.000,    202.000
                   68.000,    145.000
                  160.000,    197.000
                  143.000,    196.000
                  157.000,    171.000
                   58.000,    218.000
                  106.000,    124.000
                   57.000,    163.000
