**************************************************
*            H E D A C   s e a r c h             *
**************************************************
Started on: 2024-11-19 14:44:53.260475

Parameters:
         method: hedac
          x_min:      0.000
          x_max:    149.000
             dx:      1.000
          y_min:      0.000
          y_max:    307.000
             dy:      1.000

          alpha:      1.000
           beta:      0.500
          gamma:      0.100
          kappa:      0.000
             nu:      0.001
        sigma_m:      1.000
        sigma_c:      2.000
       sigma_ac:      0.100
         source:          difsource

         agents:         40
                   62.000,    246.000
                  105.000,    286.000
                  101.000,     62.000
                   33.000,    179.000
                   74.000,    155.000
                  114.000,    264.000
                   53.000,    168.000
                  114.000,     74.000
                   44.000,    128.000
                  116.000,    236.000
                   56.000,    238.000
                   47.000,    120.000
                   69.000,     76.000
                   64.000,     28.000
                   61.000,    160.000
                   62.000,     55.000
                   43.000,    191.000
                   77.000,    258.000
                   84.000,    143.000
                   59.000,    102.000
                  105.000,    280.000
                  119.000,     88.000
                   70.000,    182.000
                   48.000,    177.000
                   56.000,    231.000
                   98.000,     57.000
                  112.000,     75.000
                  116.000,     73.000
                   73.000,    296.000
                   74.000,    156.000
                   82.000,    184.000
                   81.000,     28.000
                   98.000,    287.000
                   90.000,    132.000
                   82.000,    145.000
                   91.000,     22.000
                   50.000,    127.000
                  102.000,    286.000
                  113.000,     80.000
                   54.000,    202.000
