**************************************************
*            H E D A C   s e a r c h             *
**************************************************
Started on: 2024-11-19 16:41:59.675114

Parameters:
         method: hedac
          x_min:      0.000
          x_max:    456.000
             dx:      1.000
          y_min:      0.000
          y_max:    478.000
             dy:      1.000

          alpha:      1.000
           beta:      0.500
          gamma:      0.100
          kappa:      0.000
             nu:      0.001
        sigma_m:      1.000
        sigma_c:      2.000
       sigma_ac:      0.100
         source:          difsource

         agents:         40
                  243.000,    455.000
                   59.000,    119.000
                  240.000,    108.000
                  170.000,    179.000
                  158.000,    275.000
                  322.000,     57.000
                  269.000,    297.000
                  204.000,    211.000
                  161.000,    245.000
                   68.000,     80.000
                  217.000,    122.000
                  255.000,    129.000
                   42.000,    235.000
                   16.000,     37.000
                  144.000,    250.000
                  154.000,    270.000
                  403.000,    140.000
                   70.000,    244.000
                   90.000,    253.000
                   39.000,     26.000
                  218.000,    121.000
                   59.000,    234.000
                  204.000,    109.000
                  193.000,    423.000
                  137.000,    152.000
                   53.000,    134.000
                   48.000,    233.000
                  174.000,    407.000
                  137.000,    284.000
                   59.000,    113.000
                  172.000,    323.000
                  167.000,    352.000
                  128.000,     60.000
                   89.000,    227.000
                  183.000,    302.000
                  173.000,     36.000
                  122.000,    125.000
                   61.000,    115.000
                  140.000,    268.000
                   69.000,    133.000
