**************************************************
*            H E D A C   s e a r c h             *
**************************************************
Started on: 2024-11-19 14:44:36.246165

Parameters:
         method: hedac
          x_min:      0.000
          x_max:    149.000
             dx:      1.000
          y_min:      0.000
          y_max:    307.000
             dy:      1.000

          alpha:      1.000
           beta:      0.500
          gamma:      0.100
          kappa:      0.000
             nu:      0.001
        sigma_m:      1.000
        sigma_c:      2.000
       sigma_ac:      0.100
         source:          difsource

         agents:         40
                   87.000,    287.000
                   49.000,    171.000
                   91.000,    260.000
                   39.000,    185.000
                  108.000,    280.000
                  115.000,     95.000
                   65.000,    190.000
                   41.000,    199.000
                   93.000,     57.000
                   63.000,     95.000
                   65.000,     39.000
                  111.000,    276.000
                   95.000,     62.000
                  101.000,    280.000
                   47.000,    178.000
                   69.000,     85.000
                   91.000,    265.000
                   92.000,     89.000
                   78.000,    303.000
                   93.000,     71.000
                  114.000,    254.000
                   54.000,    214.000
                   47.000,    147.000
                   40.000,    148.000
                   53.000,    239.000
                   79.000,    152.000
                   41.000,    127.000
                  112.000,    224.000
                   83.000,    167.000
                   82.000,    293.000
                   41.000,    163.000
                   60.000,     50.000
                   86.000,    106.000
                   69.000,    157.000
                   69.000,     75.000
                   93.000,     41.000
                   37.000,    168.000
                  113.000,     87.000
                   65.000,     66.000
                   85.000,     35.000
